tree
version=v4
num_class=1
num_tree_per_iteration=1
label_index=0
max_feature_idx=13
objective=binary sigmoid:1
feature_names=lightgcn_score cooccurrence_score segment_popularity_score known_hobby_compatibility age_group_fit occupation_fit region_fit popularity_prior mismatch_penalty popularity_penalty novelty_bonus category_diversity_reward is_cold_start text_embedding_similarity
feature_infos=none [0:1] none [0:0.43571427464485168] [0:0.8125] [0:0.6834532618522644] [0:0.66666668653488159] [0:1] [0:0.66666668653488159] [0:1] [0:1] none -1:1:0 [0.18141457438468933:0.51872283220291138]
tree_sizes=1030 1087 1083 982 1062 978 1081 1090 984 1084 1302 1087 1087 1195 1192 1193 1200 1089 1302 1195 1195 1298 1296 1306 1309 1085 1200 1195 1304 1288 1174 1174 1177 1412 1417 1089 1412 1410 1407 1311 1200 1411

Tree=0
num_leaves=9
num_cat=0
split_feature=1 1 1 7 1 13 4 6
split_gain=224.565 40.0139 17.2048 12.558 15.0045 2.91041 1.98502 1.80917
threshold=0.91010102629661571 0.36316065490245825 0.97752526402473461 0.036852322518825538 0.78835389018058788 0.34128291904926306 0.43369844555854803 0.15901102125644687
decision_type=2 2 2 2 2 2 2 2
left_child=1 6 -2 5 7 -3 -1 -5
right_child=2 3 -4 4 -6 -7 -8 -9
leaf_value=-1.4455809316812571 -1.2912580379836178 -1.3858108021005782 -1.1932457777437639 -1.3655105123613029 -1.3004918888021757 -1.4195643243364886 -1.4200281886241803 -1.3969434487428376
leaf_weight=50.079998880624771 8.1599998176097888 10.239999771118166 11.839999735355375 8.3199998140335136 7.9999998211860648 15.679999649524687 10.719999760389326 9.7599997818469983
leaf_count=313 51 64 74 52 50 98 67 61
internal_value=-1.38629 -1.41371 -1.23231 -1.38159 -1.35707 -1.40609 -1.44122 -1.38272
internal_weight=132.8 112.8 20 52 26.08 25.92 60.8 18.08
internal_count=830 705 125 325 163 162 380 113
is_linear=0
shrinkage=1


Tree=1
num_leaves=9
num_cat=0
split_feature=1 1 1 7 13 10 4 4
split_gain=188.42 40.1229 17.0224 10.5027 3.08444 2.75182 1.96874 0.906204
threshold=0.78835389018058788 0.9653061330318452 0.36316065490245825 0.036852322518825538 0.34190039336681372 0.33948363363742834 0.43369844555854803 0.31289508938789373
decision_type=2 2 2 2 2 2 2 2
left_child=2 3 6 -2 7 -6 -1 -4
right_child=1 -3 4 -5 5 -7 -8 -9
leaf_value=-0.058450539041600115 0.015521599383482668 0.16294137582500154 0.017765266107002072 0.083635596014789482 -0.0044703957999927425 -0.041570606838418199 -0.032735214139595216 -0.0055820154348930643
leaf_weight=48.303018689155579 10.146273493766786 13.719337731599806 8.0107341110706347 13.486732542514799 10.424127578735353 10.192660689353941 10.503305852413176 8.0025605559349042
leaf_count=313 63 77 50 80 65 65 67 50
internal_value=-3.93376e-05 0.0949771 -0.0373401 0.0547918 -0.0103746 -0.0231657 -0.0540058 0.00582505
internal_weight=132.789 37.3523 95.4364 23.633 36.6301 20.6168 58.8063 16.0133
internal_count=830 220 610 143 230 130 380 100
is_linear=0
shrinkage=0.05


Tree=2
num_leaves=9
num_cat=0
split_feature=1 1 1 7 13 10 4 4
split_gain=165.062 31.3626 16.3963 7.06934 2.83688 2.5948 1.95643 0.811077
threshold=0.78835389018058788 0.95736962556839 0.36316065490245825 0.036852322518825538 0.34190039336681372 0.33948363363742834 0.43369844555854803 0.31289508938789373
decision_type=2 2 2 2 2 2 2 2
left_child=2 3 6 -2 7 -6 -1 -4
right_child=1 -3 4 -5 5 -7 -8 -9
leaf_value=-0.057658990465511664 0.011141305162200119 0.13505257812440027 0.01670752091864534 0.069636787297138833 -0.0042605908167382255 -0.040555363107061176 -0.031757862618482145 -0.0053244232429230281
leaf_weight=46.563346341252327 9.3869529366493243 17.700474724173546 8.0960586220026034 12.180271744728087 10.396232306957247 9.9345508217811567 10.293701425194739 7.975772336125373
leaf_count=313 58 93 50 69 65 65 67 50
internal_value=-0.000101981 0.0857265 -0.0363474 0.0445768 -0.00993732 -0.0223523 -0.0531215 0.0054995
internal_weight=132.527 39.2677 93.2597 21.5672 36.4026 20.3308 56.857 16.0718
internal_count=830 220 610 127 230 130 380 100
is_linear=0
shrinkage=0.05


Tree=3
num_leaves=8
num_cat=0
split_feature=1 1 1 7 5 10 4
split_gain=145.717 25.1948 15.7964 7.30205 2.64711 2.30633 1.94735
threshold=0.78835389018058788 0.9653061330318452 0.36316065490245825 0.036852322518825538 0.0044761905446648606 0.32745434343814855 0.43369844555854803
decision_type=2 2 2 2 2 2 2
left_child=2 3 6 -2 -4 -6 -1
right_child=1 -3 4 -5 5 -7 -8
leaf_value=-0.056907321394760992 0.013366408905546504 0.12752492211401542 0.0060095773590229254 0.068910415829398233 -0.003591588149146294 -0.037391711411101779 -0.030800891074914124
leaf_weight=44.863915532827377 10.366675972938539 15.829115077853201 15.300301939249037 14.727189138531683 10.265589237213137 10.61447700858116 10.091177493333815
leaf_count=313 63 77 97 80 64 69 67
internal_value=-0.000151158 0.0780784 -0.0353808 0.0463069 -0.00951788 -0.0211087 -0.052269
internal_weight=132.058 40.923 91.1355 25.0939 36.1804 20.8801 54.9551
internal_count=830 220 610 143 230 133 380
is_linear=0
shrinkage=0.05


Tree=4
num_leaves=9
num_cat=0
split_feature=1 1 1 4 13 8 4 4
split_gain=129.444 20.9865 15.2278 5.1188 2.57755 2.51934 1.94084 0.720557
threshold=0.78835389018058788 0.95736962556839 0.36316065490245825 0.35192480683326727 0.34190039336681372 0.33129119873046881 0.43369844555854803 0.31289508938789373
decision_type=2 2 2 2 2 2 2 2
left_child=2 3 6 -2 7 -6 -1 -4
right_child=1 -3 4 -5 5 -7 -8 -9
leaf_value=-0.056191390635815977 0.066370936173391251 0.10938791799628432 0.016022379856737119 0.017353149647608087 -0.035652576102557273 0 -0.029863586266300021 -0.0047136758576738118
leaf_weight=43.207062959671021 9.4057277739048022 19.729424893856049 8.1515632420778292 13.20256035029888 11.888303667306902 8.0169517993926984 9.8956901282072049 7.9121306240558615
leaf_count=313 53 93 50 74 78 52 67 50
internal_value=-0.000187116 0.0716543 -0.034433 0.0381687 -0.00910648 -0.0211397 -0.0514445 0.00553358
internal_weight=131.409 42.3377 89.0717 22.6083 35.9689 19.9053 53.1028 16.0637
internal_count=830 220 610 127 230 130 380 100
is_linear=0
shrinkage=0.05


Tree=5
num_leaves=8
num_cat=0
split_feature=1 1 1 7 6 13 4
split_gain=115.479 17.7591 14.6825 6.05201 2.56396 4.04582 1.93633
threshold=0.78835389018058788 0.9653061330318452 0.36316065490245825 0.036852322518825538 0.15232906490564349 0.34128291904926306 0.43369844555854803
decision_type=2 2 2 2 2 2 2
left_child=2 3 6 -2 5 -4 -1
right_child=1 -3 4 -5 -6 -7 -8
leaf_value=-0.055507486058120462 0.010047396423601841 0.10555458860026257 0.026763043788334186 0.059539271098538099 -0.024511077050561436 -0.017217120666029075 -0.028945352820979264
leaf_weight=41.594588950276375 10.717460960149767 17.284053534269333 9.4042540341615695 15.583812892436979 14.892581745982168 11.462993919849394 9.70716944336891
leaf_count=313 63 77 58 80 96 76 67
internal_value=-0.000214002 0.0660967 -0.033506 0.0396757 -0.0087062 0.00239809 -0.0506448
internal_weight=130.647 43.5853 87.0616 26.3013 35.7598 20.8672 51.3018
internal_count=830 220 610 143 230 134 380
is_linear=0
shrinkage=0.05


Tree=6
num_leaves=9
num_cat=0
split_feature=1 1 1 4 7 13 4 6
split_gain=103.484 15.3069 14.1528 4.36161 2.4994 3.39488 1.93333 1.50789
threshold=0.78835389018058788 0.95736962556839 0.36316065490245825 0.35384629666805273 0.036852322518825538 0.35084563493728643 0.43369844555854803 0.15901102125644687
decision_type=2 2 2 2 2 2 2 2
left_child=2 3 6 -2 5 -4 -1 -6
right_child=1 -3 4 -5 7 -7 -8 -9
leaf_value=-0.054852247925013753 0.05717320124637168 0.092262067379045104 -0.0017535365632361918 0.013129928464093691 0.020177851715369718 -0.046304917637634668 -0.028045713200962687 -0.008606157435525728
leaf_weight=40.027832090854645 10.396517857909204 21.132625624537468 9.9801205396652239 13.094265207648276 8.3654805868864077 7.7309544384479514 9.5255245864391309 9.484515041112898
leaf_count=313 56 93 63 71 52 54 67 61
internal_value=-0.000236368 0.0613174 -0.0326003 0.0329942 -0.00832724 -0.0216319 -0.0498669 0.00464231
internal_weight=129.738 44.6234 85.1144 23.4908 35.5611 17.7111 49.5534 17.85
internal_count=830 220 610 127 230 117 380 113
is_linear=0
shrinkage=0.05


Tree=7
num_leaves=9
num_cat=0
split_feature=1 1 1 7 7 13 4 6
split_gain=92.9915 13.6316 13.4671 5.15243 2.29905 3.21336 1.93138 1.34999
threshold=0.78835389018058788 0.36316065490245825 0.9653061330318452 0.036852322518825538 0.036852322518825538 0.35084563493728643 0.43369844555854803 0.15901102125644687
decision_type=2 2 2 2 2 2 2 2
left_child=1 6 3 -2 5 -3 -1 -6
right_child=2 4 -4 -5 7 -7 -8 -9
leaf_value=-0.054222630744773848 0.0072935483475923745 -0.0016685228184327402 0.090424026383165962 0.052177448223099401 0.018949521888231697 -0.045402656957547638 -0.027164286811083124 -0.0082244850983511641
leaf_weight=38.507722862064838 11.014578402042391 9.9695649296045321 18.247202306985855 16.280834034085274 8.4661562889814395 7.4982882142066947 9.3506417423486692 9.4343797862529737
leaf_count=313 63 63 77 80 52 54 67 61
internal_value=-0.000257657 -0.0317186 0.0570695 0.0343406 -0.0079754 -0.0208781 -0.0491079 0.00438371
internal_weight=128.769 83.2268 45.5426 27.2954 35.3684 17.4679 47.8584 17.9005
internal_count=830 610 220 143 230 117 380 113
is_linear=0
shrinkage=0.05


Tree=8
num_leaves=8
num_cat=0
split_feature=1 1 1 7 5 10 4
split_gain=83.8316 13.1256 11.832 4.46318 2.27449 1.96489 1.9301
threshold=0.78835389018058788 0.36316065490245825 0.9653061330318452 0.036852322518825538 0.0044761905446648606 0.32745434343814855 0.43369844555854803
decision_type=2 2 2 2 2 2 2
left_child=1 6 3 -2 -3 -6 -1
right_child=2 4 -4 -5 5 -7 -8
leaf_value=-0.053615847672720401 0.0069042909579513957 0.0067073188015051438 0.084303777677716157 0.048493074780899981 -0.002654860232071633 -0.034521506905083342 -0.026300770881825808
leaf_weight=37.034846603870392 11.058273658156397 15.160388916730879 18.591056317090988 16.63981120288372 10.135332241654398 9.8838364034891111 9.1823951154947263
leaf_count=313 63 97 77 80 64 69 67
internal_value=-0.000274624 -0.0308555 0.0533429 0.0321535 -0.00763825 -0.0187299 -0.0483654
internal_weight=127.686 81.3968 46.2891 27.6981 35.1796 20.0192 46.2172
internal_count=830 610 220 143 230 133 380
is_linear=0
shrinkage=0.05


Tree=9
num_leaves=9
num_cat=0
split_feature=1 1 1 13 6 13 6 1
split_gain=75.7315 12.6436 10.776 3.86929 2.2619 3.27734 1.94907 0.129203
threshold=0.78835389018058788 0.36316065490245825 0.91010102629661571 0.36464774608612066 0.15232906490564349 0.34128291904926306 0.20741260796785357 0.10783859342336656
decision_type=2 2 2 2 2 2 2 2
left_child=1 6 -2 -4 5 -3 7 -1
right_child=2 4 3 -5 -6 -7 -8 -9
leaf_value=-0.055493202318096527 0.019346789779602868 0.02454135503902162 0.049655232522599728 0.088365621528968818 -0.022514734300537072 -0.015130099642586598 -0.021793837741200476 -0.043544385775777093
leaf_weight=26.646678313612938 18.178153306245804 9.593806669116022 14.610862269997599 14.124299168586729 14.357104182243345 11.053677961230276 7.0367928296327582 10.946651622653006
leaf_count=230 95 58 65 60 96 76 58 92
internal_value=-0.000285339 -0.0300016 0.0500078 0.0690966 -0.00730261 0.0030916 -0.0476372 -0.0522713
internal_weight=126.548 79.6347 46.9133 28.7352 35.0046 20.6475 44.6301 37.5933
internal_count=830 610 220 125 230 134 380 322
is_linear=0
shrinkage=0.05


Tree=10
num_leaves=11
num_cat=0
split_feature=1 1 1 7 7 13 4 6 13 13
split_gain=68.4955 12.1719 9.73975 4.09737 2.0813 2.93207 1.99828 1.11199 0.0200231 0.206545
threshold=0.78835389018058788 0.36316065490245825 0.97752526402473461 0.036852322518825538 0.036852322518825538 0.35084563493728643 0.43369844555854803 0.15901102125644687 0.33475127816200262 0.30554679036140447
decision_type=2 2 2 2 2 2 2 2 2 2
left_child=1 6 3 -2 5 -3 8 -6 9 -1
right_child=2 4 -4 -5 7 -7 -8 -9 -10 -11
leaf_value=-0.055633282427627211 0.0052426986088310668 -0.0013338455087925256 0.075659825024163713 0.043955885047604712 0.017789239680687959 -0.0438245318648047 -0.024124279999073916 -0.0068654780376500458 -0.056613817542920164 -0.037923965164767481
leaf_weight=6.9046790152788153 11.775595024228098 9.9200263023376483 18.289913445711136 17.42446057498455 8.5589766502380389 7.0938901454210272 8.7721171975135785 9.2576031684875471 19.192115768790245 8.2423058748245221
leaf_count=63 65 63 74 81 52 54 67 61 175 75
internal_value=-0.000296349 -0.0291657 0.0469414 0.0285857 -0.00698077 -0.0194949 -0.0469161 0.00473261 -0.0525062 -0.0466365
internal_weight=125.432 77.9417 47.49 29.2001 34.8305 17.0139 43.1112 17.8166 34.3391 15.147
internal_count=830 610 220 146 230 117 380 113 313 138
is_linear=0
shrinkage=0.05


Tree=11
num_leaves=9
num_cat=0
split_feature=1 1 1 4 5 4 6 1
split_gain=62.1106 11.7115 8.85851 3.76564 2.07398 1.9959 1.8501 0.0325881
threshold=0.78835389018058788 0.36316065490245825 0.95736962556839 0.35384629666805273 0.0044761905446648606 0.43369844555854803 0.15232906490564349 0.14589665830135348
decision_type=2 2 2 2 2 2 2 2
left_child=1 5 3 -2 -3 7 -6 -1
right_child=2 4 -4 -5 6 -7 -8 -9
leaf_value=-0.054424009532791778 0.044819792554216975 0.0069785684113595663 0.066881467966345351 0.0054744629438913108 -0.0037219103662419015 -0.023324025794140498 -0.035353795802611686 -0.042226606204933181
leaf_weight=25.570439852774143 11.208923891186716 15.09755979478359 22.761860936880112 13.949447125196455 11.288289442658426 8.6266339868307096 8.2731258720159513 7.4491689205169669
leaf_count=243 56 97 93 71 75 67 58 70
internal_value=-0.000313238 -0.0283587 0.0442066 0.0233102 -0.00668463 -0.0462174 -0.0174661 -0.0519591
internal_weight=124.225 76.3052 47.9202 25.1584 34.659 41.6462 19.5614 33.0196
internal_count=830 610 220 127 230 380 133 313
is_linear=0
shrinkage=0.05


Tree=12
num_leaves=9
num_cat=0
split_feature=1 1 1 13 6 4 3 1
split_gain=56.3455 11.2698 8.17906 3.28084 2.05054 1.99776 4.18199 0.166175
threshold=0.78835389018058788 0.36316065490245825 0.91010102629661571 0.36464774608612066 0.20741260796785357 0.43709889054298406 0.016275659203529361 0.10783859342336656
decision_type=2 2 2 2 2 2 2 2
left_child=1 4 -2 -4 7 6 -3 -1
right_child=2 5 3 -5 -6 -7 -8 -9
leaf_value=-0.054122475383472049 0.015342432050772157 -0.035412837006484996 0.040530142963675769 0.075531264008779561 -0.018286931166503533 0.013005710792944231 0.0050278239146863499 -0.041246267740924734
leaf_weight=23.709781713783741 18.731596365571022 11.801862224936487 15.059732034802439 14.515366315841673 6.5345838814973822 9.3309917449951154 13.374328494071959 9.9814694300293905
leaf_count=230 95 79 65 60 58 63 88 92
internal_value=-0.000321612 -0.0275529 0.0416733 0.0580737 -0.045524 -0.00638814 -0.0137969 -0.0505891
internal_weight=123.04 74.733 48.3067 29.5751 40.2258 34.5072 25.1762 33.6913
internal_count=830 610 220 125 380 230 167 322
is_linear=0
shrinkage=0.05


Tree=13
num_leaves=10
num_cat=0
split_feature=1 1 1 7 4 6 13 13 13
split_gain=51.1542 10.8433 7.63524 3.59931 2.06059 1.93642 2.82038 0.0642825 0.259222
threshold=0.78835389018058788 0.36316065490245825 0.97752526402473461 0.036852322518825538 0.43369844555854803 0.15232906490564349 0.34128291904926306 0.33475127816200262 0.30554679036140447
decision_type=2 2 2 2 2 2 2 2 2
left_child=1 4 3 -2 7 6 -3 8 -1
right_child=2 5 -4 -5 -6 -7 -8 -9 -10
leaf_value=-0.054425323593353808 0.0019003068592341342 0.023065708984416282 0.064729011518674315 0.037566017005442293 -0.021237795887361414 -0.020521583075392313 -0.013788098476788824 -0.055515949234580766 -0.035025052816897113
leaf_weight=6.1257317066192645 12.127919703722002 9.7221445590257662 18.493550658226013 18.013127714395523 8.2599506154656392 13.84455521404743 10.797830671072004 17.028943791985512 7.4497499391436577
leaf_count=63 65 58 74 81 67 96 76 175 75
internal_value=-0.000323025 -0.0267509 0.03934 0.0234342 -0.0448293 -0.00608945 0.00345754 -0.0509437 -0.0444787
internal_weight=121.864 73.2289 48.6346 30.141 38.8644 34.3645 20.52 30.6044 13.5755
internal_count=830 610 220 146 380 230 134 313 138
is_linear=0
shrinkage=0.05


Tree=14
num_leaves=10
num_cat=0
split_feature=1 1 1 7 6 7 13 8 1
split_gain=46.5346 10.4231 6.98133 3.18003 2.08696 1.96679 2.69895 1.16171 0.194753
threshold=0.78835389018058788 0.36316065490245825 0.97752526402473461 0.036852322518825538 0.20741260796785357 0.036852322518825538 0.35084563493728643 0.33070802688598638 0.10783859342336656
decision_type=2 2 2 2 2 2 2 2 2
left_child=1 4 3 -2 8 6 -3 -7 -1
right_child=2 5 -4 -5 -6 7 -8 -9 -10
leaf_value=-0.053286904299983819 0.0018043753939078117 -0.00092720568522830374 0.06155637758444335 0.035269068281497694 -0.016264540612301585 -0.0054318982220069364 -0.042368079958537787 0.020031067771788702 -0.039694151276347511
leaf_weight=21.909930549561981 12.1390997171402 9.861624404788019 18.479726195335388 18.227705538272858 6.2676900476217261 9.831686660647394 6.7318393588066092 7.7878562957048407 9.3771700784564
leaf_count=230 65 63 74 81 58 64 54 49 92
internal_value=-0.000331736 -0.0259815 0.0372281 0.0221055 -0.0441537 -0.00581803 -0.0181921 0.00559011 -0.0495117
internal_weight=120.614 71.7678 48.8465 30.3668 37.5548 34.213 16.5935 17.6195 31.2871
internal_count=830 610 220 146 380 230 117 113 322
is_linear=0
shrinkage=0.05


Tree=15
num_leaves=10
num_cat=0
split_feature=1 1 1 13 4 4 3 13 13
split_gain=42.3641 9.99963 6.50021 2.90536 2.12076 1.8469 3.88949 0.0921876 0.28863
threshold=0.78835389018058788 0.36316065490245825 0.91010102629661571 0.36464774608612066 0.43369844555854803 0.43709889054298406 0.016275659203529361 0.33475127816200262 0.30554679036140447
decision_type=2 2 2 2 2 2 2 2 2
left_child=1 4 -2 -4 7 6 -3 8 -1
right_child=2 5 3 -5 -6 -7 -8 -9 -10
leaf_value=-0.053707144979424339 0.012098998638221441 -0.0341278299919325 0.033600391707524768 0.066255639637967101 -0.019213598345306497 0.013051701966485946 0.0052374649683644935 -0.054878445357169819 -0.033238645936619127
leaf_weight=5.6522899642586726 19.14778870344162 11.429930277168753 15.276978626847269 14.57667303085327 7.9224362894892684 9.3144956752657873 13.323762595653532 15.711733758449553 7.0071370750665665
leaf_count=63 95 79 65 60 67 63 88 175 75
internal_value=-0.000338011 -0.0252242 0.0352732 0.0498799 -0.0434701 -0.0055698 -0.0128023 -0.0499767 -0.0431188
internal_weight=119.363 70.3618 49.0014 29.8537 36.2936 34.0682 24.7537 28.3712 12.6594
internal_count=830 610 220 125 380 230 167 313 138
is_linear=0
shrinkage=0.05


Tree=16
num_leaves=10
num_cat=0
split_feature=1 1 7 1 3 6 10 6 3
split_gain=38.7593 11.3795 4.60825 4.56164 2.75577 2.64541 1.47521 1.22478 0.447182
threshold=0.57460319995880138 0.91010102629661571 0.036852322518825538 0.083369515836238875 0.014975369442254307 0.20432756841182712 0.40721274912357336 0.029849733226001266 0.016275659203529361
decision_type=2 2 2 2 2 2 2 2 2
left_child=3 2 8 -1 -3 -4 -5 -8 -2
right_child=1 4 5 6 -6 -7 7 -9 -10
leaf_value=-0.050635913312047212 -0.023205046591961424 0.066435315411532497 0.0045231610473027515 -0.0060181924800998933 0.034040013400281698 0.039704332281286114 -0.012001644651912944 -0.041505162303122574 -0.0052167259136964971
leaf_weight=22.190110690891743 7.8417880311608297 11.937381476163866 12.270406633615496 12.101255811750891 17.977735415101051 9.9407893270254117 6.6595390290021923 9.4429720193147642 7.8188669010996819
leaf_count=249 52 50 67 93 75 53 62 81 48
internal_value=-0.000340107 0.0242917 0.00589953 -0.0335549 0.0473119 0.0206002 -0.0198079 -0.0297613 -0.0146314
internal_weight=118.181 67.787 37.8719 50.3939 29.9151 22.2112 28.2038 16.1025 15.6607
internal_count=830 345 220 485 125 120 236 143 100
is_linear=0
shrinkage=0.05


Tree=17
num_leaves=9
num_cat=0
split_feature=1 1 1 3 13 10 7 6
split_gain=35.5662 10.2674 4.49609 4.38716 2.66648 1.38887 1.34812 1.17466
threshold=0.57460319995880138 0.91010102629661571 0.083369515836238875 0.055791787803173072 0.36464774608612066 0.40721274912357336 0.036852322518825538 0.029849733226001266
decision_type=2 2 2 2 2 2 2 2
left_child=2 3 -1 6 -3 -4 -2 -7
right_child=1 4 5 -5 -6 7 -8 -9
leaf_value=-0.050157021460369801 -0.016571074258458069 0.029455279130180145 -0.0057431557058357742 0.035758312009251621 0.060610939748228149 -0.011512102333672629 0.0051276878087708434 -0.040668329684231501
leaf_weight=21.305276744067669 12.098512418568136 15.41936641931534 12.05280000716448 9.0745485499501211 14.544810280203817 6.6013630181550971 16.764821603894234 9.164595924317835
leaf_count=249 79 65 93 50 60 62 91 81
internal_value=-0.000343035 0.0230458 -0.0327552 0.00558395 0.0448961 -0.0191168 -0.00382086 -0.028925
internal_weight=117.026 67.9021 49.124 37.9379 29.9642 27.8188 28.8633 15.766
internal_count=830 345 485 220 125 236 170 143
is_linear=0
shrinkage=0.05


Tree=18
num_leaves=11
num_cat=0
split_feature=1 1 1 7 3 6 10 3 13 3
split_gain=32.6535 9.2924 4.42752 3.92195 2.46976 2.29725 1.34565 2.54481 0.673142 0.364723
threshold=0.57460319995880138 0.91010102629661571 0.083369515836238875 0.036852322518825538 0.014975369442254307 0.20432756841182712 0.45065031945705419 0.03579972684383393 0.33975036442279821 0.016275659203529361
decision_type=2 2 2 2 2 2 2 2 2 2
left_child=2 3 -1 9 -3 -5 7 -4 -8 -2
right_child=1 4 6 5 -6 -7 8 -9 -10 -11
leaf_value=-0.049685350599947498 -0.021783209791231009 0.060784973570012162 0.0069139832094534774 0.0036620166564672904 0.03016304000506111 0.036202191119201345 -0.018726994999152834 -0.033809441079888529 -0.04545819279720794 -0.0052832497065403708
leaf_weight=20.454678684473038 7.6528428867459279 11.929673507809641 9.785641588270666 12.366007879376413 18.027795597910881 10.170236423611639 6.3920059204101545 6.0438859835267058 5.2273062542080879 7.8243026658892632
leaf_count=249 52 50 82 67 75 53 55 48 51 48
internal_value=-0.000342001 0.0218849 -0.031964 0.00529231 0.0426853 0.0186628 -0.0184442 -0.00843542 -0.0314648 -0.0138503
internal_weight=115.874 67.9709 47.9035 38.0134 29.9575 22.5362 27.4488 15.8295 11.6193 15.4771
internal_count=830 345 485 220 125 120 236 130 106 100
is_linear=0
shrinkage=0.05


Tree=19
num_leaves=10
num_cat=0
split_feature=1 1 1 3 13 13 4 6 1
split_gain=29.9787 8.51842 4.35674 4.04048 3.3234 2.53153 1.32143 2.29997 6.16481
threshold=0.57460319995880138 0.97752526402473461 0.083369515836238875 0.062021316960453994 0.34254156053066259 0.38058936595916754 0.43369844555854803 0.094127114862203612 0.37414966523647314
decision_type=2 2 2 2 2 2 2 2 2
left_child=2 3 -1 4 -2 -6 7 8 -4
right_child=1 -3 6 -5 5 -7 -8 -9 -10
leaf_value=-0.049219614089033394 0.020691495191785314 0.050218216093308191 -0.046092189292256391 0.037898169031133216 -0.02194991492712154 0.010741515944003813 -0.0011836294840108939 -0.049124005347937566 0.025513263941733717
leaf_weight=19.637493580579758 15.526989847421644 18.033967107534409 6.1266388073563629 10.222373127937315 14.63644325733185 9.5900454223155958 8.7637471482157689 6.5700426995754233 5.6368560418486595
leaf_count=249 81 74 69 52 86 52 71 58 38
internal_value=-0.000343364 0.0207873 -0.0311789 0.00998819 0.00260875 -0.00881253 -0.017788 -0.0254044 -0.0114328
internal_weight=114.745 68.0098 46.7348 49.9759 39.7535 24.2265 27.0973 18.3335 11.7635
internal_count=830 345 485 271 219 138 236 165 107
is_linear=0
shrinkage=0.05


Tree=20
num_leaves=10
num_cat=0
split_feature=1 1 1 3 13 7 3 10 13
split_gain=27.5477 7.86104 4.27321 3.47456 2.46974 1.30851 2.39096 1.03823 0.66737
threshold=0.57460319995880138 0.91010102629661571 0.083369515836238875 0.055791787803173072 0.36464774608612066 0.011888714972883465 0.03579972684383393 0.33239749073982244 0.33975036442279821
decision_type=2 2 2 2 2 2 2 2 2
left_child=2 3 -1 7 -3 8 -7 -2 -4
right_child=1 4 5 -5 -6 6 -8 -9 -10
leaf_value=-0.048758603467220898 0.003790986114792433 0.02428995504531014 -0.017535608632456887 0.030866776626703164 0.054220423729147552 0.0075394334034674677 -0.032465622267934383 -0.015283480052690588 -0.044555853828825188
leaf_weight=18.85285822302103 16.94902960956097 15.490108445286753 6.2278135567903536 9.3896017894148809 14.330535784363745 9.6955127790570241 5.8255270868539801 11.858462251722811 4.9792556539177895
leaf_count=249 91 65 55 50 60 82 48 79 51
internal_value=-0.000343178 0.0197583 -0.0304265 0.00456377 0.0389735 -0.0171759 -0.00726733 -0.00391367 -0.0302707
internal_weight=113.599 68.0177 45.581 38.1971 29.8206 26.7281 15.521 28.8075 11.2071
internal_count=830 345 485 220 125 236 130 170 106
is_linear=0
shrinkage=0.05


Tree=21
num_leaves=11
num_cat=0
split_feature=1 1 7 13 4 6 13 10 13 13
split_gain=25.4295 9.98653 4.16778 3.51369 3.34068 2.72875 1.86535 2.25428 0.174394 0.376988
threshold=0.37414966523647314 0.88472145795822155 0.036852322518825538 0.37501561641693121 0.43369844555854803 0.057417582720518119 0.33601753413677221 0.19455316662788394 0.33475127816200262 0.30554679036140447
decision_type=2 2 2 2 2 2 2 2 2 2
left_child=4 2 5 -3 8 -2 -4 -8 9 -1
right_child=1 3 6 -5 -6 -7 7 -9 -10 -11
leaf_value=-0.052297336455541216 -0.00040113446054092455 0.022184649024383319 -0.0049950553308818731 0.056781104713691702 -0.008196383182282458 -0.037477996142025731 0.0027158584833847084 0.038071779295500999 -0.053701884895672007 -0.028691482333607628
leaf_weight=4.6601683497428947 11.443244703114035 20.083186224102974 9.664596304297449 12.460250511765478 7.2891215234994879 9.0586947947740537 8.9002426862716693 9.8100360035896284 13.105696618556975 6.0218825340270996
leaf_count=64 77 87 54 53 69 67 48 56 179 76
internal_value=-0.000340165 0.0143035 0 0.0357175 -0.0387892 -0.0171285 0.0123955 0.0216231 -0.0478806 -0.0398431
internal_weight=112.497 81.4203 48.8768 32.5434 31.0769 20.5019 28.3749 18.7103 23.7877 10.6821
internal_count=830 442 302 140 388 144 158 104 319 140
is_linear=0
shrinkage=0.05


Tree=22
num_leaves=11
num_cat=0
split_feature=1 1 7 4 13 6 13 10 13 13
split_gain=23.5796 9.05208 3.7847 3.27518 3.24971 2.55694 1.66543 1.96914 0.186354 0.383011
threshold=0.37414966523647314 0.88472145795822155 0.036852322518825538 0.43369844555854803 0.37501561641693121 0.057417582720518119 0.33601753413677221 0.19455316662788394 0.33475127816200262 0.30554679036140447
decision_type=2 2 2 2 2 2 2 2 2 2
left_child=3 2 5 8 -3 -2 -4 -8 9 -1
right_child=1 4 6 -5 -6 -7 7 -9 -10 -11
leaf_value=-0.051980039615111523 -0.00038134714145578814 0.021042653694673466 -0.0047597667237718466 -0.0078411303316139307 0.054397561059829916 -0.036532210430651683 0.0025783599963554223 0.035517655493596645 -0.053435139956698387 -0.027939253836142732
leaf_weight=4.4598620980978065 11.440414756536486 20.118922486901283 9.6407941281795519 7.2441043704748145 12.362765476107596 8.8368431031703931 8.9111751019954699 9.9920222163200361 12.527672514319418 5.8811298683285713
leaf_count=64 77 87 54 69 53 67 48 56 179 76
internal_value=-0.000346518 0.0136093 0 -0.0381123 0.0340192 -0.0164833 0.0117063 0.0203481 -0.0474077 -0.039185
internal_weight=111.416 81.3029 48.8212 30.1128 32.4817 20.2773 28.544 18.9032 22.8687 10.341
internal_count=830 442 302 388 140 144 158 104 319 140
is_linear=0
shrinkage=0.05


Tree=23
num_leaves=11
num_cat=0
split_feature=1 1 4 7 13 6 3 6 13 13
split_gain=21.8671 8.26155 3.20905 3.14198 3.23032 2.38922 2.18758 1.21527 0.198472 0.388745
threshold=0.37414966523647314 0.97752526402473461 0.43369844555854803 0.036852322518825538 0.33601753413677221 0.049416633322834976 0.048104695975780494 0.18016393482685092 0.33475127816200262 0.30554679036140447
decision_type=2 2 2 2 2 2 2 2 2 2
left_child=2 3 8 5 -5 -2 -6 -7 9 -1
right_child=1 -3 -4 4 6 7 -8 -9 -10 -11
leaf_value=-0.051671021511274132 0.0082255473443411161 0.043402450958166798 -0.0074993668677426064 -0.0048906826232562222 0.011672276612064761 -0.0065395679171522114 0.043513545334277037 -0.035922087342082985 -0.053179657487173328 -0.027193432618485336
leaf_weight=4.2676679417491012 11.664102368056776 17.414849251508713 7.2012028619647017 13.776163831353186 13.504685401916506 7.5913589894771558 9.7254381030797941 7.4871633052825928 11.972963862121103 5.746518112719059
leaf_count=64 76 74 69 71 75 48 46 52 179 76
internal_value=-0.000351982 0.0129527 -0.0374367 0.00450117 0.0139727 -0.00842238 0.0253465 -0.0215993 -0.046937 -0.038527
internal_weight=110.352 81.1638 29.1884 63.7489 37.0063 26.7426 23.2301 15.0785 21.9871 10.0142
internal_count=830 442 388 368 192 176 121 100 319 140
is_linear=0
shrinkage=0.05


Tree=24
num_leaves=11
num_cat=0
split_feature=1 1 7 4 13 6 13 10 13 13
split_gain=20.2803 7.79669 3.16631 3.14228 2.90032 2.24511 1.29984 1.70618 0.210708 0.39414
threshold=0.37414966523647314 0.88472145795822155 0.036852322518825538 0.43369844555854803 0.37501561641693121 0.057417582720518119 0.33601753413677221 0.19455316662788394 0.33475127816200262 0.30554679036140447
decision_type=2 2 2 2 2 2 2 2 2 2
left_child=3 2 5 8 -3 -2 -4 -8 9 -1
right_child=1 4 6 -5 -6 -7 7 -9 -10 -11
leaf_value=-0.051369343085031244 -0.0006421203755167049 0.019155046866838499 -0.0043036867535976419 -0.0071707337767174086 0.050869592074348075 -0.034928449622954834 0.0012854598481672475 0.031662428001193114 -0.052934551064499791 -0.026454384366237996
leaf_weight=4.0833447277545982 11.478968590497972 20.068440958857536 9.5947386771440524 7.1603224575519553 12.138969525694845 8.4722474589943868 9.0077905058860797 10.261668786406515 11.440891891717909 5.6178150549530983
leaf_count=64 77 87 54 69 53 67 48 56 179 76
internal_value=-0.000356427 0.0123286 -0.000179703 -0.0367621 0.0313835 -0.0155527 0.0102906 0.0178004 -0.0464677 -0.0378687
internal_weight=109.325 81.0228 48.8154 28.3024 32.2074 19.9512 28.8642 19.2695 21.1421 9.70116
internal_count=830 442 302 388 140 144 158 104 319 140
is_linear=0
shrinkage=0.05


Tree=25
num_leaves=9
num_cat=0
split_feature=1 1 6 13 7 4 5 1
split_gain=18.8147 7.28293 2.65132 1.9671 3.36624 2.83321 1.1334 0.263894
threshold=0.36316065490245825 0.94666048884391796 0.20741260796785357 0.31686352193355566 0.036852322518825538 0.30560271441936498 0.0080636474303901213 0.10783859342336656
decision_type=2 2 2 2 2 2 2 2
left_child=2 3 7 -2 6 -6 -5 -1
right_child=1 -3 -4 4 5 -7 -8 -9
leaf_value=-0.049555419087156494 -0.017720878792635515 0.035479841828112736 -0.0022290599129461451 0.0049031952846549064 0.038712342446460497 0.0052595942920772281 -0.018123438011995084 -0.033235103019342037
leaf_weight=14.346255805343395 10.136067323386667 22.6659886687994 4.7967795580625525 8.7160664722323435 10.201131179928781 17.626816891133785 12.554917268455027 7.2567756883800021
leaf_count=230 58 97 58 59 53 94 89 92
internal_value=-0.000360459 0.0114296 -0.0370308 0.00209827 0.0063191 0.0177964 -0.00847522 -0.044482
internal_weight=108.301 81.901 26.3998 59.235 49.0989 27.8279 21.271 21.603
internal_count=830 450 380 353 295 147 148 322
is_linear=0
shrinkage=0.05


Tree=26
num_leaves=10
num_cat=0
split_feature=1 1 13 6 7 13 13 3 1
split_gain=17.4554 6.76388 2.68298 2.57448 2.41052 1.86175 1.16517 0.488713 0.276225
threshold=0.36316065490245825 0.88472145795822155 0.37501561641693121 0.20741260796785357 0.036852322518825538 0.34128291904926306 0.37072199583053594 0.025144795887172226 0.10783859342336656
decision_type=2 2 2 2 2 2 2 2 2
left_child=3 4 -3 8 5 -2 7 -6 -1
right_child=1 2 -4 -5 6 -7 -8 -9 -10
leaf_value=-0.049195761955876258 0.002339471220205943 0.017104022813830399 0.047777606441082705 -0.0021237127962336023 -0.0074399719614676634 -0.027475359934876844 0.020743128027591966 0.0090438778386218461 -0.032479635381020631
leaf_weight=13.744554188102489 9.2150322347879428 20.034610182046894 11.906331568956373 4.7881750538945189 9.304260075092321 11.177247755229471 11.62273073196411 8.4779691100120527 7.0616235546767703
leaf_count=230 60 87 53 58 53 90 59 48 92
internal_value=-0.000356896 0.0108842 0.0288074 -0.0363536 -0.000546672 -0.0138127 0.00849948 0.000145993 -0.043944
internal_weight=107.333 81.7382 31.9409 25.5944 49.7972 20.3923 29.405 17.7822 20.8062
internal_count=830 450 140 380 310 150 160 101 322
is_linear=0
shrinkage=0.05


Tree=27
num_leaves=10
num_cat=0
split_feature=1 1 6 7 6 13 13 3 1
split_gain=16.1991 6.34898 2.49823 1.9758 3.05702 2.98028 2.32422 1.97119 0.288154
threshold=0.36316065490245825 0.97752526402473461 0.20741260796785357 0.036852322518825538 0.18016393482685092 0.34320294857025152 0.33601753413677221 0.048104695975780494 0.10783859342336656
decision_type=2 2 2 2 2 2 2 2 2
left_child=2 3 8 4 5 -2 -5 -8 -1
right_child=1 -3 -4 6 -6 -7 7 -9 -10
leaf_value=-0.048838149842235459 0.023086796883928319 0.037778103756626331 -0.0020231775990456622 -0.0054895053491451915 -0.034636500490182666 -0.015541495290186192 0.0073999610378283594 0.03700010344574068 -0.03172717555682112
leaf_weight=13.168269474059349 9.5646150112152153 16.718905404210091 4.779987893998622 13.767441764473913 7.2412671744823447 10.145143464207647 14.101957961916925 9.9803699851036054 6.8748150132596484
leaf_count=230 57 74 58 71 53 72 77 46 92
internal_value=-0.000349559 0.0103768 -0.0356763 0.00318282 -0.00703765 0.00297329 0.0105915 0.0199761 -0.0434039
internal_weight=106.343 81.5197 24.8231 64.8008 26.951 19.7098 37.8498 24.0823 20.0431
internal_count=830 450 380 376 182 129 194 123 322
is_linear=0
shrinkage=0.05


Tree=28
num_leaves=11
num_cat=0
split_feature=1 1 4 7 13 6 8 4 13 13
split_gain=15.0339 5.72101 3.24725 1.91716 2.2294 1.98333 2.62004 1.75139 0.281507 0.465091
threshold=0.37414966523647314 0.97752526402473461 0.43369844555854803 0.036852322518825538 0.33601753413677221 0.049416633322834976 1.0000000180025095e-35 0.35384629666805273 0.33475127816200262 0.30554679036140447
decision_type=2 2 2 2 2 2 2 2 2 2
left_child=2 3 8 5 -5 -2 -7 -6 9 -1
right_child=1 -3 -4 4 7 6 -8 -9 -10 -11
leaf_value=-0.050485654045812095 0.007985522492412531 0.036328728205622149 -0.0033553514503435761 -0.0052279990607619307 0.033765471117972255 0.00031581302144943014 -0.04156757641031638 0.006110961567583395 -0.052275654844671199 -0.022774775496292216
leaf_weight=3.5231955982744747 11.635254181921484 16.525606974959373 6.6994372159242621 13.739038467407225 11.55735866725445 7.5311244204640371 6.8749622702598572 12.398961156606672 9.8851463943719846 5.0304421484470367
leaf_count=64 76 74 69 71 58 53 47 63 179 76
internal_value=-0.000348199 0.0101767 -0.0340578 0.00327141 0.010521 -0.0070314 -0.0194761 0.0197452 -0.0448651 -0.035218
internal_weight=105.401 80.2623 25.1382 63.7367 37.6954 26.0413 14.4061 23.9563 18.4388 8.55364
internal_count=830 442 388 368 192 176 100 121 319 140
is_linear=0
shrinkage=0.05


Tree=29
num_leaves=11
num_cat=0
split_feature=1 1 3 10 7 6 10 13 10 3
split_gain=13.983 5.5633 2.71928 2.54485 1.85989 1.75904 1.03209 1.47678 0.634213 0.398495
threshold=0.36316065490245825 0.88472145795822155 0.014975369442254307 0.40721274912357336 0.036852322518825538 0.02799527253955603 0.19109196960926059 0.35372579097747808 0.42891655862331396 0.034225637093186385
decision_type=2 2 2 2 2 2 2 2 2 2
left_child=3 4 -3 -1 5 -2 -6 -8 -7 -5
right_child=1 2 -4 9 6 8 7 -9 -10 -11
leaf_value=-0.00020927780533440529 0.0082651940650060648 0.044567772279243141 0.013730399580158901 -0.046312239380348973 -0.00523322092633083 -0.011394142312115071 0 0.027364164025320076 -0.034664775862765999 -0.022176364145521831
leaf_weight=4.6660891622304943 6.3853637725114849 12.102790936827661 19.291056230664253 15.502515476197006 10.580470159649851 7.1711932048201543 9.3552053719759005 9.7992736548185331 6.4341935142874718 3.2293016128242007
leaf_count=63 45 55 85 278 55 52 55 50 53 39
internal_value=-0.000347088 0.00943252 0.0258812 -0.0343612 -0.000882937 -0.0127299 0.00693011 0.0139008 -0.0229366 -0.0425567
internal_weight=104.517 81.1195 31.3938 23.3979 49.7257 19.9908 29.7349 19.1545 13.6054 18.7318
internal_count=830 450 140 380 310 150 160 105 105 317
is_linear=0
shrinkage=0.05


Tree=30
num_leaves=10
num_cat=0
split_feature=1 1 6 4 4 4 6 4 1
split_gain=12.9635 5.05709 2.50039 1.87995 5.036 3.22389 3.88285 1.11463 0.321981
threshold=0.36316065490245825 0.97752526402473461 0.20741260796785357 0.19179331511259082 0.30560271441936498 0.43709889054298406 0.15232906490564349 0.35673727095127111 0.10783859342336656
decision_type=2 2 2 2 2 2 2 2 2
left_child=2 3 8 -2 -5 7 -7 -6 -1
right_child=1 -3 -4 4 5 6 -8 -9 -10
leaf_value=-0.047927239885048357 -0.015708056552694347 0.033922454551997994 0 0.033662515172537162 -0.00072192278327220659 0.035788345490945325 -0.010328376696039605 -0.02379994542731648 -0.029679077625021772
leaf_weight=11.753362093120819 11.27424795180559 16.175441280007362 4.5814386904239646 12.939543567597864 9.3338831663131732 9.4107004180550593 8.4711905941367132 13.333054356276987 6.3881282098591319
leaf_count=230 68 74 58 75 55 54 50 74 92
internal_value=-0.000346284 0.00897984 -0.0336784 0.00263026 0.00661101 -0.00195998 0.0137275 -0.0145613 -0.0419736
internal_weight=103.661 80.9381 22.7229 64.7626 53.4884 40.5488 17.8819 22.6669 18.1415
internal_count=830 450 380 376 308 233 104 129 322
is_linear=0
shrinkage=0.05


Tree=31
num_leaves=10
num_cat=0
split_feature=1 1 10 3 13 13 8 13 1
split_gain=12.0116 4.79345 2.49942 2.4659 1.74896 2.64092 3.06934 2.21581 0.422199
threshold=0.36316065490245825 0.88472145795822155 0.40721274912357336 0.014975369442254307 0.39678990840911871 0.34190039336681372 0.33245870471000677 0.31686352193355566 0.10783859342336656
decision_type=2 2 2 2 2 2 2 2 2
left_child=2 4 -1 -3 5 7 -7 -2 -4
right_child=1 3 8 -5 -6 6 -8 -9 -10
leaf_value=0 -0.011878256068746065 0.041834386550675853 -0.047855251687606327 0.012309929760698984 0.019354902735340306 -0.032476438930124217 0.0072800247714030321 0.020960810812377162 -0.027469243819540041
leaf_weight=4.568189479410651 8.6092250496149081 11.943248316645624 11.6786938123405 19.160545855760574 8.5217164829373342 13.214169859886171 7.31029288470745 12.062920160591601 5.8281575925648204
leaf_count=63 52 55 234 85 46 93 46 73 83
internal_value=-0.000348242 0.00853703 -0.0329967 0.0239047 -0.00100531 -0.00537467 -0.0181071 0.00705244 -0.0415471
internal_weight=102.897 80.8221 22.075 31.1038 49.7183 41.1966 20.5245 20.6721 17.5069
internal_count=830 450 380 140 310 264 139 125 317
is_linear=0
shrinkage=0.05


Tree=32
num_leaves=10
num_cat=0
split_feature=1 1 6 13 4 4 6 3 1
split_gain=11.1331 4.40389 2.45695 1.58724 2.74778 5.76179 2.07884 0.536452 0.331315
threshold=0.36316065490245825 0.94666048884391796 0.20741260796785357 0.31686352193355566 0.19179331511259082 0.30560271441936498 0.057417582720518119 0.02443043235689402 0.10783859342336656
decision_type=2 2 2 2 2 2 2 2 2
left_child=2 3 8 -2 -5 -6 -7 -8 -1
right_child=1 -3 -4 4 5 6 7 -9 -10
leaf_value=-0.047252097916264633 -0.016960588049583527 0.027512261803398597 0 -0.02154156651189526 0.040288665437618054 0.014612035083717782 -0.020068794345864747 -0.0019313069864658424 -0.028467229925340638
leaf_weight=10.837795022875076 9.9873960688710195 21.425236523151398 4.485414706170558 8.0660734325647336 11.334293015301226 11.922810569405558 9.8106794729828852 8.0972196757793409 6.1320140063762656
leaf_count=230 58 97 58 52 65 68 63 47 92
internal_value=-0.000338541 0.00813479 -0.0323092 0.00100517 0.00477819 0.0100963 -0.00130465 -0.0122017 -0.0409637
internal_weight=102.099 80.6437 21.4552 59.2185 49.2311 41.165 29.8307 17.9079 16.9698
internal_count=830 450 380 353 295 243 178 110 322
is_linear=0
shrinkage=0.05


Tree=33
num_leaves=12
num_cat=0
split_feature=1 1 10 4 4 4 6 4 3 13 13
split_gain=10.3072 4.10745 2.44548 1.48661 3.90261 2.944 3.24984 1.05307 0.436329 0.0348923 0.718521
threshold=0.36316065490245825 0.97752526402473461 0.40721274912357336 0.19179331511259082 0.30560271441936498 0.43709889054298406 0.15232906490564349 0.35673727095127111 0.034225637093186385 0.33504484593868261 0.31455171108245855
decision_type=2 2 2 2 2 2 2 2 2 2 2
left_child=2 3 -1 -2 -5 7 -7 -6 9 10 -4
right_child=1 -3 8 4 5 6 -8 -9 -10 -11 -12
leaf_value=5.084680096589236e-05 -0.014421708744401613 0.030647204481597919 -0.050622923101946486 0.028994986341828038 -0.00068054029608441815 0.03270149532028737 -0.0094148860874460234 -0.023203773204732103 -0.019070527040787127 -0.051158493441282531 -0.013073856682960723
leaf_weight=4.4762315675616291 11.043055102229117 15.668525174260138 3.8489237464964408 13.302429646253584 9.2883078232407588 9.5941527783870715 8.3569628521800023 13.208722978830336 2.9824506640434256 6.9053149074316025 2.6458671018481255
leaf_count=63 68 74 76 75 55 54 50 74 39 154 48
internal_value=-0.000339032 0.00773754 -0.031621 0.00208174 0.00558571 -0.00204226 0.0128741 -0.0141701 -0.0405259 -0.0447542 -0.0365144
internal_weight=101.321 80.4622 20.8588 64.7936 53.7506 40.4481 17.9511 22.497 16.3826 13.4001 6.49479
internal_count=830 450 380 376 308 233 104 129 317 278 124
is_linear=0
shrinkage=0.05


Tree=34
num_leaves=12
num_cat=0
split_feature=1 1 7 4 3 13 3 13 3 13 13
split_gain=9.69339 4.61212 2.8609 1.98406 4.46853 3.69278 2.82102 1.87237 0.193634 0.0947504 0.661733
threshold=0.78835389018058788 0.083369515836238875 0.23987706750631335 0.43369844555854803 0.019852216355502609 0.35479331016540533 0.016275659203529361 0.36464774608612066 0.021642597392201427 0.33601753413677221 0.31052444875240331
decision_type=2 2 2 2 2 2 2 2 2 2 2
left_child=1 9 7 5 -5 6 -3 -2 -7 10 -1
right_child=2 3 -4 4 -6 8 -8 -9 -10 -11 -12
leaf_value=-0.049556011501138392 -0.0019994901130651051 -0.022682236091057646 0.034600326495515289 0.035533538044943067 -0.021003425581101132 -0.047085001297417266 0.016397631006468679 0.022222587951200939 -0.027233568910887681 -0.050718185517228412 -0.011264609915081016
leaf_weight=3.0346252806484681 19.354968264698982 8.3120601214468532 14.560970559716223 7.1695796176791173 6.542289711534977 5.4541347250342351 10.102220524102448 13.079418227076529 4.6944852098822594 5.8022397570312023 2.5162589177489281
leaf_count=66 91 76 67 54 53 59 78 62 41 137 46
internal_value=-0.000344537 -0.0149077 0.0161641 -0.00712208 0.00823951 -0.014674 -0.000999881 0.00765285 -0.0387454 -0.0431464 -0.0335896
internal_weight=100.623 53.6279 46.9954 42.2748 13.7119 28.5629 18.4143 32.4344 10.1486 11.3531 5.55088
internal_count=830 610 220 361 107 254 154 153 100 249 112
is_linear=0
shrinkage=0.05


Tree=35
num_leaves=9
num_cat=0
split_feature=1 1 6 13 3 4 1 1
split_gain=8.89583 3.60431 2.40692 1.45102 2.49838 5.2272 2.64638 0.339054
threshold=0.36316065490245825 0.94666048884391796 0.20741260796785357 0.31686352193355566 0.015566361136734487 0.35192480683326727 0.75532880425453197 0.10783859342336656
decision_type=2 2 2 2 2 2 2 2
left_child=2 3 7 -2 6 -6 -5 -1
right_child=1 -3 -4 4 5 -7 -8 -9
leaf_value=-0.046285866075954619 -0.016612476771312938 0.024808731234312098 0.0014865394586517922 -0.023613107800299321 0.03637975743840078 -0.0062338703655984802 0.012204713509356105 -0.026816938766886539
leaf_weight=9.6607675291597861 9.9411517828702909 20.92568464577198 4.3365690782666197 12.335802294313909 13.506003066897394 14.880473196506498 8.5287786051630956 5.8008043169975272
leaf_count=230 58 97 58 93 74 85 43 92
internal_value=-0.000353535 0.00701929 -0.030326 0.000614789 0.00421998 0.0139223 -0.00874504 -0.0395222
internal_weight=99.916 80.1179 19.7981 59.1922 49.2511 28.3865 20.8646 15.4616
internal_count=830 450 380 353 295 159 136 322
is_linear=0
shrinkage=0.05


Tree=36
num_leaves=12
num_cat=0
split_feature=1 1 13 7 5 4 3 6 3 13 13
split_gain=8.37064 4.15273 2.30533 2.22878 2.40878 2.65078 3.48159 1.41305 1.16945 0.116385 0.750854
threshold=0.083369515836238875 0.88472145795822155 0.37501561641693121 0.010729498229920866 0.3940256536006928 0.43369844555854803 0.012381515000015499 0.01956001948565245 0.034225637093186385 0.33601753413677221 0.31126080453395849
decision_type=2 2 2 2 2 2 2 2 2 2 2
left_child=9 3 -3 7 5 6 -5 -2 -8 10 -1
right_child=1 2 -4 4 -6 -7 8 -9 -10 -11 -12
leaf_value=-0.049203806232381506 -0.0011332295077024184 0.0089599812288153838 0.038200697512786708 -0.029622586316722571 -0.020364627436062439 0.028583645616565369 0.026908371427651519 -0.036005570550620251 0.00039732001867247659 -0.050366876488585434 -0.0078661425839279629
leaf_weight=2.8984349109232408 5.3326923511922342 19.574057862162594 10.79765112698078 7.3864739723503616 9.3916055820882303 10.754512906074522 6.9025673717260387 7.2233602367341518 11.23212046921253 5.3375806212425232 2.3249293453991413
leaf_count=68 62 87 53 55 56 75 49 71 73 137 44
internal_value=-0.000348739 0.00463238 0.0196109 -0.00311553 0.00192561 0.00787403 -0.000735273 -0.021716 0.0108546 -0.0422555 -0.032237
internal_weight=99.156 88.595 30.3717 58.2233 45.6673 36.2757 25.5212 12.5561 18.1347 10.5609 5.22336
internal_count=830 581 140 441 308 252 177 133 122 249 112
is_linear=0
shrinkage=0.05


Tree=37
num_leaves=12
num_cat=0
split_feature=1 1 3 13 13 4 13 3 8 13 13
split_gain=7.86105 3.77781 2.29511 2.08384 1.68461 4.40832 2.22229 3.02109 2.1987 0.124325 0.736686
threshold=0.083369515836238875 0.88472145795822155 0.014975369442254307 0.40118169784545904 0.34190039336681372 0.43369844555854803 0.31686352193355566 0.017890722490847114 0.33009615540504461 0.33601753413677221 0.31126080453395849
decision_type=2 2 2 2 2 2 2 2 2 2 2
left_child=9 3 -3 4 6 8 -2 -8 -6 10 -1
right_child=1 2 -4 -5 5 -7 7 -9 -10 -11 -12
leaf_value=-0.048933747555376578 -0.014956815999845425 0.036361617777235115 0.0075415801450923305 0.019765316724458037 -0.048486024794296145 0.011927449543423547 -0.00857634582183525 0.036582777712901547 -0.0099274373588195564 -0.050172191067409992 -0.0075399620438615384
leaf_weight=2.7724492400884611 10.709796126931908 11.483048871159555 18.747094213962555 8.395350266247986 8.8687040656805056 8.6720605567097646 6.8211656846106035 7.5815410166978836 7.0464210808277121 5.0968492180109024 2.3089734055101871
leaf_count=68 85 55 85 52 82 66 56 50 50 137 44
internal_value=-0.000349202 0.00441083 0.0187376 -0.0029777 -0.00695186 -0.0162503 0.0019821 0.0149389 -0.031895 -0.0417833 -0.0315981
internal_weight=98.5035 88.3252 30.2301 58.095 49.6997 24.5872 25.1125 14.4027 15.9151 10.1783 5.08142
internal_count=830 581 140 441 389 198 191 106 132 249 112
is_linear=0
shrinkage=0.05


Tree=38
num_leaves=12
num_cat=0
split_feature=1 13 4 3 4 3 3 8 13 13 13
split_gain=7.38254 3.49457 4.97481 3.53783 3.59612 4.03267 2.66978 1.67112 1.23121 0.132001 0.722243
threshold=0.083369515836238875 0.33435380458831793 0.19179331511259082 0.06006146781146527 0.29618492722511297 0.020887871272861961 0.040968112647533424 0.33089162409305578 0.32104472815990454 0.33601753413677221 0.31126080453395849
decision_type=2 2 2 2 2 2 2 2 2 2 2
left_child=9 6 -3 4 -4 7 8 -6 -2 10 -1
right_child=1 2 3 -5 5 -7 -8 -9 -10 -11 -12
leaf_value=-0.048664053154715337 0.011956052820357197 -0.026692061315855227 0.039592171003632937 0.043333459045696326 0.0029384439120433898 -0.017600006928177259 -0.028963913986252882 0.033314993633606418 -0.014488231064461916 -0.049979319184370263 -0.007225414024448225
leaf_weight=2.6520248241722566 11.516280367970472 7.3329275511205187 8.1981061957776529 10.15536458045244 9.9140089377760905 13.947684485465286 11.11674730107188 8.9393495954573137 6.9192792996764174 4.8668896593153477 2.293766763061285
leaf_count=68 78 71 53 57 64 86 69 53 50 137 44
internal_value=-0.000349996 0.00419992 0.0113142 0.0169014 0.0101431 0.00253281 -0.00970221 0.0177051 0.00173655 -0.0413069 -0.0309606
internal_weight=97.8524 88.0397 58.4874 51.1545 40.9991 32.801 29.5523 18.8534 18.4356 9.81268 4.94579
internal_count=830 581 384 313 256 203 197 117 128 249 112
is_linear=0
shrinkage=0.05


Tree=39
num_leaves=11
num_cat=0
split_feature=1 1 4 4 3 4 3 6 13 13
split_gain=6.93259 3.40351 1.91215 3.92875 2.12799 1.64508 3.39906 2.03093 0.139394 0.779833
threshold=0.083369515836238875 0.97752526402473461 0.19179331511259082 0.24946473538875583 0.016275659203529361 0.43369844555854803 0.012094866950064899 0.090784218162298216 0.33601753413677221 0.31333169341087347
decision_type=2 2 2 2 2 2 2 2 2 2
left_child=8 2 4 -4 -2 7 -7 -5 9 -1
right_child=1 -3 3 5 -6 6 -8 -9 -10 -11
leaf_value=-0.048517287626863609 -0.035607964476114494 0.025767879478224495 0.036622810879107084 -0.022441822532342528 0.0034147453870098151 0.032750947652602648 -0.0066419229270404945 0.0035358377405522202 -0.049787789029938752 -0.0052375106423377229
leaf_weight=2.6220592670142633 7.2714505121111852 14.812291115522383 7.6557640880346289 14.704510923475029 6.2067183926701546 8.7978612184524554 13.800333522260187 14.68615412712097 4.6472668200731277 2.1941583566367626
leaf_count=70 78 74 44 93 45 57 91 99 137 42
internal_value=-0.000348306 0.00399249 -0.000379376 0.0034006 -0.0173769 -0.00145656 0.00855083 -0.00932359 -0.040826 -0.0303247
internal_weight=97.3986 87.9351 73.1228 59.6446 13.4782 51.9889 22.5982 29.3907 9.46348 4.81622
internal_count=830 581 507 384 123 340 148 192 249 112
is_linear=0
shrinkage=0.05


Tree=40
num_leaves=10
num_cat=0
split_feature=1 1 7 4 5 6 4 13 13
split_gain=6.51188 3.19272 2.1737 1.65726 1.64473 2.39013 1.53392 0.146456 0.800271
threshold=0.083369515836238875 0.78835389018058788 0.23987706750631335 0.35384629666805273 0.0068422926124185332 0.15232906490564349 0.30000998079776769 0.33601753413677221 0.31455171108245855
decision_type=2 2 2 2 2 2 2 2 2
left_child=7 4 3 -3 6 -6 -2 8 -1
right_child=1 2 -4 -5 5 -7 -8 -9 -10
leaf_value=-0.048315887776991195 -0.012491990901346195 0.018270858782478645 0.029330348156354713 -0.0043512637339128109 -0.00086894632112852427 -0.035484810437092278 0.01494955693816246 -0.049597148014456506 -0.0041157136660483718
leaf_weight=2.5505000576376897 8.3933967873454112 14.201657503843306 13.995182231068609 18.021694764494896 11.80169276148081 8.9514556340873224 12.326631609350441 4.4375579357147217 2.1417520642280579
leaf_count=71 85 68 67 85 99 82 95 137 41
internal_value=-0.000343862 0.00380457 0.0128646 0.00548988 -0.00617845 -0.0161381 0.0035866 -0.0403408 -0.0296912
internal_weight=96.8215 87.6917 46.2185 32.2234 41.4732 20.7531 20.72 9.12981 4.69225
internal_count=830 581 220 153 361 181 180 249 112
is_linear=0
shrinkage=0.05


Tree=41
num_leaves=12
num_cat=0
split_feature=1 13 13 1 6 13 4 5 1 13 13
split_gain=6.11435 2.98715 4.30648 3.82697 2.59808 2.53829 3.8093 2.14469 1.54388 0.153181 0.780549
threshold=0.083369515836238875 0.33435380458831793 0.34370554983615881 0.88472145795822155 0.030729227699339393 0.40118169784545904 0.43369844555854803 0.23525204509496692 0.68535354733467113 0.33601753413677221 0.31455171108245855
decision_type=2 2 2 2 2 2 2 2 2 2 2
left_child=9 4 -3 5 -2 6 7 -4 -6 10 -1
right_child=1 2 3 -5 8 -7 -8 -9 -10 -11 -12
leaf_value=-0.048050535602084686 0.013228014058216648 0.04527849992919683 -0.012230964330197217 0.022800577983667351 -0.035277879153671157 0.017495867657570826 0.011725043138455448 -0.051787766725564857 -0.0068700003340268021 -0.049406955655424696 -0.0039329920770798639
leaf_weight=2.4397116098552925 8.6766749694943446 7.5442945994436732 8.5323814377188736 18.640190675854683 8.5627960935235041 8.4640527293086034 8.6444942578673345 6.2805124856531611 12.068543106317518 4.2373533248901367 2.1340404152870178
leaf_count=71 65 49 72 92 74 52 65 54 58 137 41
internal_value=-0.000347384 0.00361833 0.0102182 0.00480911 -0.00928675 -0.00557907 -0.0141563 -0.0295727 -0.0190148 -0.039851 -0.0290604
internal_weight=96.225 87.4139 58.1059 50.5616 29.308 31.9214 23.4574 14.8129 20.6313 8.81111 4.57375
internal_count=830 581 384 335 197 243 191 126 132 249 112
is_linear=0
shrinkage=0.05


end of trees

feature_importances:
cooccurrence_score=119
text_embedding_similarity=83
age_group_fit=51
region_fit=37
known_hobby_compatibility=32
popularity_prior=30
novelty_bonus=16
occupation_fit=7
mismatch_penalty=6

parameters:
[boosting: gbdt]
[objective: binary]
[metric: auc]
[tree_learner: serial]
[device_type: cpu]
[data_sample_strategy: bagging]
[data: ]
[valid: ]
[num_iterations: 500]
[learning_rate: 0.05]
[num_leaves: 31]
[num_threads: -1]
[seed: 42]
[deterministic: 0]
[force_col_wise: 0]
[force_row_wise: 0]
[histogram_pool_size: -1]
[max_depth: -1]
[min_data_in_leaf: 50]
[min_sum_hessian_in_leaf: 0.001]
[bagging_fraction: 1]
[pos_bagging_fraction: 1]
[neg_bagging_fraction: 1]
[bagging_freq: 0]
[bagging_seed: 400]
[bagging_by_query: 0]
[feature_fraction: 1]
[feature_fraction_bynode: 1]
[feature_fraction_seed: 30056]
[extra_trees: 0]
[extra_seed: 12879]
[early_stopping_round: 0]
[early_stopping_min_delta: 0]
[first_metric_only: 0]
[max_delta_step: 0]
[lambda_l1: 0.1]
[lambda_l2: 0.1]
[linear_lambda: 0]
[min_gain_to_split: 0]
[drop_rate: 0.1]
[max_drop: 50]
[skip_drop: 0.5]
[xgboost_dart_mode: 0]
[uniform_drop: 0]
[drop_seed: 17869]
[top_rate: 0.2]
[other_rate: 0.1]
[min_data_per_group: 100]
[max_cat_threshold: 32]
[cat_l2: 10]
[cat_smooth: 10]
[max_cat_to_onehot: 4]
[top_k: 20]
[monotone_constraints: ]
[monotone_constraints_method: basic]
[monotone_penalty: 0]
[feature_contri: ]
[forcedsplits_filename: ]
[refit_decay_rate: 0.9]
[cegb_tradeoff: 1]
[cegb_penalty_split: 0]
[cegb_penalty_feature_lazy: ]
[cegb_penalty_feature_coupled: ]
[path_smooth: 0]
[interaction_constraints: ]
[verbosity: -1]
[saved_feature_importance_type: 0]
[use_quantized_grad: 0]
[num_grad_quant_bins: 4]
[quant_train_renew_leaf: 0]
[stochastic_rounding: 1]
[linear_tree: 0]
[max_bin: 255]
[max_bin_by_feature: ]
[min_data_in_bin: 3]
[bin_construct_sample_cnt: 200000]
[data_random_seed: 175]
[is_enable_sparse: 1]
[enable_bundle: 1]
[use_missing: 1]
[zero_as_missing: 0]
[feature_pre_filter: 1]
[pre_partition: 0]
[two_round: 0]
[header: 0]
[label_column: ]
[weight_column: ]
[group_column: ]
[ignore_column: ]
[categorical_feature: 12]
[forcedbins_filename: ]
[precise_float_parser: 0]
[parser_config_file: ]
[objective_seed: 16083]
[num_class: 1]
[is_unbalance: 0]
[scale_pos_weight: 1]
[sigmoid: 1]
[boost_from_average: 1]
[reg_sqrt: 0]
[alpha: 0.9]
[fair_c: 1]
[poisson_max_delta_step: 0.7]
[tweedie_variance_power: 1.5]
[lambdarank_truncation_level: 30]
[lambdarank_norm: 1]
[label_gain: ]
[lambdarank_position_bias_regularization: 0]
[eval_at: ]
[multi_error_top_k: 1]
[auc_mu_weights: ]
[num_machines: 1]
[local_listen_port: 12400]
[time_out: 120]
[machine_list_filename: ]
[machines: ]
[gpu_platform_id: -1]
[gpu_device_id: -1]
[gpu_use_dp: 0]
[num_gpu: 1]

end of parameters

pandas_categorical:null
