tree
version=v4
num_class=1
num_tree_per_iteration=1
label_index=0
max_feature_idx=13
objective=binary sigmoid:1
feature_names=lightgcn_score cooccurrence_score segment_popularity_score known_hobby_compatibility age_group_fit occupation_fit region_fit popularity_prior mismatch_penalty popularity_penalty novelty_bonus category_diversity_reward is_cold_start text_embedding_similarity
feature_infos=none [0:1] none [0:1] [0:1] [0:1] [0:1] [0:1] [0:1] [0:1] [0:1] none -1:1:0 [0:0.55914223194122314]
tree_sizes=3277 3413 3428 3421 3419 3443 3426 3409 3443 3420 3435 3451 3466 3453 3431

Tree=0
num_leaves=31
num_cat=0
split_feature=7 7 7 7 7 13 13 7 13 3 4 13 13 7 7 7 1 13 13 1 13 6 3 3 4 13 7 13 13 7
split_gain=1423.51 267.043 164.105 214.718 66.8261 46.8521 36.904 23.8239 21.5949 20.4546 18.3832 15.0185 11.7982 14.7883 16.032 13.5619 12.4621 12.3166 10.7801 8.95311 8.4284 9.60449 8.0905 6.55204 6.3581 5.97791 5.454 6.97152 6.82977 5.40201
threshold=0.12566372007131579 0.23654867708683017 1.0000000180025095e-35 0.041946902871131904 0.67185840010643016 0.38900277018547064 0.42938531935215002 0.017256637103855613 0.40583159029483801 0.1533312872052193 0.26999843120574957 0.42400081455707556 0.34727093577384954 0.13831858336925509 0.17752212285995486 0.15415929257869723 0.83503401279449474 0.31115071475505834 0.38372631371021276 0.76428571343421947 0.41381207108497625 0.042675545439124114 0.046616308391094215 0.06800395250320436 0.40257234871387487 0.4050623774528504 0.0037168140988796954 0.42701935768127447 0.28395155072212225 0.097964603453874602
decision_type=2 2 2 2 2 2 2 2 2 2 2 2 2 2 2 2 2 2 2 2 2 2 2 2 2 2 2 2 2 2
left_child=2 6 -1 7 9 10 12 26 -9 20 -5 22 16 -14 15 18 -2 -18 -15 -13 21 -3 29 -12 -25 -6 -4 28 -28 -7
right_child=1 4 3 5 25 11 -8 8 -10 -11 23 19 13 14 -16 -17 17 -19 -20 -21 -22 -23 -24 24 -26 -27 27 -29 -30 -31
leaf_value=-1.368606672773075 -1.3919260949272365 -1.3260490486346077 -1.4470642413809629 -1.4293847195959817 -1.2318695766300094 -1.3956366634151249 -1.2575064775496831 -1.4252617979637496 -1.3615384327207307 -1.2214618191082958 -1.392831009457268 -1.3362943592614311 -1.2688786264298517 -1.3645173568228133 -1.2775747102892494 -1.3955536207284167 -1.3131305165914453 -1.3709984728850635 -1.3091078461316143 -1.2621684823936195 -1.2356858362660943 -1.2757345605679502 -1.3328608827364168 -1.3862943611198906 -1.3409838397885183 -1.1839789019640177 -1.391849916890072 -1.3982778326446337 -1.4396422007768876 -1.3484983669987631
leaf_weight=166.39999628067017 20.319999545812607 13.759999692440031 237.59999468922615 26.239999413490295 11.19999974966049 13.279999703168871 13.759999692440031 172.47999614477158 14.239999681711195 20.799999535083771 46.559998959302902 8.799999803304674 8.7999998033046705 17.119999617338181 8.9599997997283918 12.319999724626539 17.599999606609344 19.839999556541443 18.879999577999115 8.4799998104572278 9.7599997818469983 39.199999123811722 23.19999948143959 15.199999660253527 15.679999649524687 43.519999027252197 7.9999998211860648 11.999999731779097 225.11999496817589 10.879999756813048
leaf_count=1040 127 86 1485 164 70 83 86 1078 89 130 291 55 55 107 56 77 110 124 118 53 61 245 145 95 98 272 50 75 1407 68
internal_value=-1.38629 -1.28571 -1.41393 -1.42294 -1.23663 -1.37249 -1.33513 -1.43563 -1.42036 -1.26521 -1.39328 -1.33911 -1.34389 -1.3294 -1.33898 -1.35067 -1.36063 -1.34354 -1.33519 -1.29913 -1.28004 -1.28857 -1.35395 -1.38107 -1.36321 -1.19339 -1.44152 -1.43611 -1.43803 -1.37455
internal_weight=1280 275.84 1004.16 837.76 138.24 168.32 137.6 669.44 186.72 83.52 103.68 64.64 123.84 66.08 57.28 48.32 57.76 37.44 36 17.28 62.72 52.96 47.36 77.44 30.88 54.72 482.72 245.12 233.12 24.16
internal_count=8000 1724 6276 5236 864 1052 860 4184 1167 522 648 404 774 413 358 302 361 234 225 108 392 331 296 484 193 342 3017 1532 1457 151
is_linear=0
shrinkage=1


Tree=1
num_leaves=31
num_cat=0
split_feature=7 7 7 7 13 7 1 7 3 13 4 13 1 7 8 6 13 13 13 4 13 5 13 4 13 6 3 13 13 5
split_gain=1242.92 285.908 191.298 80.5698 51.7039 45.6343 17.2815 15.1813 14.4886 11.4224 11.4139 11.0787 9.58058 9.2187 8.89798 6.91827 6.84489 7.50826 6.40902 6.21436 10.8386 6.35315 6.30828 6.58897 6.08664 7.32276 6.07029 5.30294 4.87612 4.66049
threshold=0.094336282461881651 0.23654867708683017 1.0000000180025095e-35 0.03823008947074414 0.42701935768127447 0.67185840010643016 0.81725418567657482 0.0057522123679518708 0.1533312872052193 0.40445718169212347 0.37014016509056097 0.37792229652404791 0.68693286180496227 0.017256637103855613 0.33156809210777288 0.068787340074777617 0.34569926559925085 0.36280831694602972 0.35550281405448919 0.38500961661338812 0.36323375999927526 0.37111482024192816 0.37638005614280706 0.42875768244266516 0.41381207108497625 0.038596967235207565 0.065830361098051085 0.39254371821880346 0.4151108860969544 0.49264955520629888
decision_type=2 2 2 2 2 2 2 2 2 2 2 2 2 2 2 2 2 2 2 2 2 2 2 2 2 2 2 2 2 2
left_child=2 4 -1 7 6 8 11 -4 24 -9 27 29 16 -11 15 -6 -12 -18 -14 20 -8 22 23 -21 25 -3 -22 -5 -13 -2
right_child=1 5 3 10 14 -7 19 9 -10 13 12 28 18 -15 -16 -17 17 -19 -20 21 26 -23 -24 -25 -26 -27 -28 -29 -30 -31
leaf_value=0.016622743899680791 -0.008226466852824587 0.051560279014773384 -0.059382867080741641 -0.037236334020463537 0.053998694503960602 0.16383950557841348 -4.9471737711037244e-05 -0.046476833505968401 0.14221131191248088 -0.030695678145266428 -0.038870926552597412 0.039830672312295437 4.2939629373354407e-05 0.026358550919991605 0.14671828986228158 0.11528133017244131 0.041351792174906282 -0.013310200858265286 0.039945003085319716 0.086659496798036167 0.027210534737699677 0.027256319103556505 0.10568012847891213 0.037613050067783489 0.1310764495742823 0.09724709500042443 0.07902482158601995 0.0063575714742207957 -0.0016583799643093437 0.030583134928575024
leaf_weight=168.16689491271973 38.770293742418289 12.102807536721228 254.23055151104927 32.640686258673668 10.519036844372755 61.042271077632904 15.983465895056723 317.72188240289688 22.859386652708054 32.180572956800461 15.340464711189268 42.214953392744064 19.087659358978271 8.8941262960433942 8.6885761022567731 9.3905954957008344 8.588138088583948 22.508695051074028 21.796820119023323 11.582678705453874 12.107389956712725 13.186389669775961 9.0849141478538495 18.770910829305649 10.64317402243614 43.960194066166878 11.516470968723295 8.5939397662878019 8.2207204252481443 9.5528506189584714
leaf_count=1040 242 73 1647 209 62 342 98 2043 130 206 97 258 119 55 51 55 54 141 134 70 74 80 55 114 61 258 70 53 50 59
internal_value=-6.10182e-05 0.0771626 -0.0314955 -0.0424147 0.0407093 0.130217 0.0312493 -0.049962 0.107089 -0.043258 -0.00637527 0.0166104 0.00381657 -0.018186 0.103384 0.0835849 -0.0116432 0.00170991 0.0214836 0.0468349 0.0314643 0.0582269 0.0683605 0.0567161 0.0947829 0.0875827 0.052907 -0.0280363 0.0329794 -0.000403748
internal_weight=1279.95 370.197 909.75 741.584 219.589 150.608 190.991 613.027 89.5656 358.797 128.556 98.7588 87.3218 41.0747 28.5982 19.9096 46.4373 31.0968 40.8845 92.2322 39.6073 52.6249 39.4385 30.3536 66.7062 56.063 23.6239 41.2346 50.4357 48.3231
internal_count=8000 2202 5798 4758 1338 864 1170 3951 522 2304 807 609 545 261 168 117 292 195 253 561 242 319 239 184 392 331 144 262 308 301
is_linear=0
shrinkage=0.05


Tree=2
num_leaves=31
num_cat=1
split_feature=7 7 7 7 13 7 7 1 13 1 13 4 13 1 7 8 12 13 13 6 6 6 4 13 5 13 3 13 1 4
split_gain=1094.52 225.925 179.143 77.4293 42.343 33.6046 15.1374 14.7656 11.8055 12.6521 11.0396 10.5011 9.76286 8.58677 8.44957 6.59573 6.5915 6.37272 6.65998 6.21137 8.91428 5.38011 5.17291 9.32481 5.22381 4.97331 4.97066 4.9439 5.75975 4.68166
threshold=0.094336282461881651 0.23654867708683017 1.0000000180025095e-35 0.03823008947074414 0.42701935768127447 0.67185840010643016 0.0057522123679518708 0.81725418567657482 0.33216404914855963 0.95445135235786449 0.40445718169212347 0.37014016509056097 0.372333973646164 0.68693286180496227 0.017256637103855613 0.33156809210777288 0 0.34569926559925085 0.36280831694602972 0.037173517048358924 0.09064574167132379 0.068787340074777617 0.38500961661338812 0.36323375999927526 0.37111482024192816 0.39254371821880346 0.065830361098051085 0.37638005614280706 0.89181286096572887 0.44127418100833898
decision_type=2 2 2 2 2 2 2 2 2 2 2 2 2 2 2 2 1 2 2 2 2 2 2 2 2 2 2 2 2 2
left_child=2 4 -1 6 7 8 -4 12 -3 -10 -8 25 16 17 -12 21 -2 -13 -19 -15 -21 -6 23 -9 27 -5 -25 28 -24 -14
right_child=1 5 3 11 15 -7 10 22 9 -11 14 13 29 19 -16 -17 -18 18 -20 20 -22 -23 24 26 -26 -27 -28 -29 -30 -31
leaf_value=0.015633584674851937 0.0070667581407428725 0.042143247112912785 -0.058612447714638777 -0.036223341656211411 0.049777294819387675 0.14300063421146741 -0.045482247084260047 -4.7015909873266137e-05 0.076226414436810344 0.11722202057021469 -0.029736296435237227 -0.037846839040689646 0.035589723479252142 -0.011833218609045326 0.024662903880278295 0.12870884531701218 -0.042823831068142547 0.038336198458874177 -0.012751792971377435 0.071633563288316077 0.013065969436946096 0.10282508524188144 0.077957051134183775 0.025446924697637152 0.025490709047336763 0.0060203420886354893 0.071734573320023282 0.09454818577390145 0.033401286110545901 -0.0029050801000354821
leaf_weight=169.82884645462036 35.103852406144142 9.682037025690077 244.9308122843504 31.897719204425812 10.840318560600286 66.303721278905869 308.66988137364388 15.983000278472899 32.061728686094284 53.09844271838665 31.576693743467331 14.979754120111464 47.403715908527374 10.898469537496565 9.0334949493408185 9.4026810079812986 8.0404690653085691 8.8025968819856661 22.328717812895775 9.5540031194686907 20.947089016437531 9.9968513399362546 12.946531176567079 12.300929278135301 13.396076917648314 8.6263093501329404 12.048043772578238 9.642996817827223 18.402231648564339 9.1731248646974546
leaf_count=1040 219 54 1647 209 62 342 2043 98 179 289 206 97 285 67 55 51 50 54 141 58 128 55 76 74 80 53 70 55 108 55
internal_value=-0.000108897 0.0702384 -0.0305445 -0.0414104 0.0377757 0.115418 -0.0490099 0.0291476 0.0959515 0.101954 -0.0422469 -0.00609172 0.0156167 0.00360651 -0.0174818 0.0928109 -0.00219287 -0.0111539 0.00161009 0.0201545 0.0317489 0.0758359 0.0433087 0.0293393 0.0535032 -0.0271152 0.0487546 0.0624517 0.0521505 0.029266
internal_weight=1277.9 385.827 892.074 722.246 224.681 161.146 594.211 194.441 94.8422 85.1602 349.28 128.035 99.7212 87.5106 40.6102 30.2399 43.1443 46.1111 31.1313 41.3996 30.5011 20.8372 94.7198 40.332 54.3878 40.524 24.349 40.9918 31.3488 56.5768
internal_count=8000 2202 5798 4758 1338 864 3951 1170 522 468 2304 807 609 545 261 168 269 292 195 253 186 117 561 242 319 262 144 239 184 340
cat_boundaries=0 1
cat_threshold=2
is_linear=0
shrinkage=0.05


Tree=3
num_leaves=31
num_cat=0
split_feature=7 7 7 7 13 13 7 1 13 7 4 13 6 7 1 1 13 13 6 6 8 13 13 7 6 1 13 7 13 6
split_gain=969.476 183.223 167.806 74.4006 35.258 26.5682 15.1195 12.703 10.6671 9.90746 9.65586 8.62243 8.00255 7.74685 7.69739 6.84427 5.93127 5.91915 5.48464 7.50898 5.09926 4.97671 6.69578 5.87407 6.76941 6.41541 4.66251 4.45261 5.41573 4.29529
threshold=0.094336282461881651 0.23654867708683017 1.0000000180025095e-35 0.03823008947074414 0.42701935768127447 0.37982544302940374 0.0057522123679518708 0.81725418567657482 0.40445718169212347 0.67185840010643016 0.37014016509056097 0.37792229652404791 0.044700471684336669 0.017256637103855613 0.68693286180496227 0.87355810403823864 0.34569926559925085 0.36280831694602972 0.037173517048358924 0.09064574167132379 0.33156809210777288 0.28395155072212225 0.37414532899856573 0.17752212285995486 0.20337178558111194 0.87355810403823864 0.39254371821880346 0.019026548601686958 0.31968685984611517 0.068787340074777617
decision_type=2 2 2 2 2 2 2 2 2 2 2 2 2 2 2 2 2 2 2 2 2 2 2 2 2 2 2 2 2 2
left_child=2 4 -1 6 7 12 -4 11 27 15 26 -2 -3 -10 16 -7 -12 -18 -16 -20 29 -9 23 25 -25 -23 -5 -8 -29 -6
right_child=1 5 3 10 20 9 8 21 13 -11 14 -13 -14 -15 18 -17 17 -19 19 -21 -22 22 -24 24 -26 -27 -28 28 -30 -31
leaf_value=0.014713355668774459 -0.00043819213782140881 0.043800464004722546 -0.057884399144786547 -0.035230048345177976 0.046037098845864675 0.058975660469554825 -0.049043552121881648 0.076608658777133243 -0.028797634869228223 0.13089976720572463 -0.036843197461331932 0.028742756206910032 0.087093623382497917 0.023104368692541021 -0.011327430153104431 0.10929132851724935 0.035622733507569997 -0.012213289656415466 0.065314197705705665 0.01231921850105361 0.11477563252230055 0.037563746176988856 0.053354628574505431 0.07866815987265012 0.016706127633055855 -0.0057055622152502559 0.0057022126161310072 -0.052093183329112336 -0.027538822994179313 0.092724485672765394
leaf_weight=171.39277815818787 48.336035251617432 15.339619368314741 235.84265215694904 31.178529649972916 11.135115578770643 9.4423738270997983 195.87188017368317 8.7573335617780668 30.993955299258232 66.394198268651962 14.630135327577589 52.288031712174416 43.25986722111702 9.1639813333749753 10.822304010391234 35.726545572280884 9.0017158687114733 22.156474709510803 9.9531932175159472 21.107790753245354 10.011869251728056 14.673526674509047 35.428014203906059 8.9974411278963107 9.1693601608276349 19.959602832794189 8.6569694280624372 34.961648046970367 69.038191080093384 10.527648136019705
leaf_count=1040 301 83 1647 209 62 50 1338 50 206 321 97 308 226 55 67 184 54 141 58 128 51 86 201 52 53 119 53 237 468 55
internal_value=-0.000147008 0.0643805 -0.0296218 -0.0404327 0.0351506 0.103693 -0.0480846 0.0272355 -0.0412578 0.118144 -0.00582377 0.0146892 0.0759399 -0.0168015 0.00340493 0.099037 -0.0106847 0.00151651 0.0189161 0.0296165 0.0841323 0.0401726 0.0364167 0.0248778 0.0479303 0.0125384 -0.0262175 -0.0445096 -0.0358834 0.0692778
internal_weight=1274.22 399.447 874.772 703.379 229.284 170.163 575.872 197.609 340.03 111.563 127.507 100.624 58.5995 40.1579 87.6716 45.1689 45.7883 31.1582 41.8833 31.061 31.6746 96.9853 88.2279 52.7999 18.1668 34.6331 39.8355 299.872 104 21.6628
internal_count=8000 2202 5798 4758 1338 864 3951 1170 2304 555 807 609 309 261 545 234 292 195 253 186 168 561 511 310 105 205 262 2043 705 117
is_linear=0
shrinkage=0.05


Tree=4
num_leaves=31
num_cat=0
split_feature=7 7 7 7 13 13 7 1 13 4 7 13 7 1 3 6 13 13 13 5 4 13 3 7 13 13 1 13 3 4
split_gain=862.837 157.225 151.838 71.4841 29.762 21.499 15.118 10.9672 10.306 8.87637 8.08158 7.67238 7.29587 6.90741 6.88668 5.64734 5.51846 5.26971 5.16518 4.52785 7.23751 5.51646 5.25752 4.386 5.28184 4.36937 4.31682 4.26 4.11333 4.09659
threshold=0.094336282461881651 1.0000000180025095e-35 0.23654867708683017 0.03823008947074414 0.42701935768127447 0.37982544302940374 0.0057522123679518708 0.81725418567657482 0.40445718169212347 0.37014016509056097 0.67185840010643016 0.372333973646164 0.018318584188818935 0.68693286180496227 0.10025773197412492 0.044700471684336669 0.34569926559925085 0.36280831694602972 0.35550281405448919 0.37248815596103674 0.38500961661338812 0.37982544302940374 0.091973032802343382 0.019026548601686958 0.31968685984611517 0.39254371821880346 0.90136054158210765 0.38900277018547064 0.084114547818899169 0.29890210926532751
decision_type=2 2 2 2 2 2 2 2 2 2 2 2 2 2 2 2 2 2 2 2 2 2 2 2 2 2 2 2 2 2
left_child=1 -1 4 6 7 14 -3 11 23 25 26 -2 -10 16 15 -4 -11 -18 -15 20 21 -9 -21 -8 -25 -5 -7 -19 -20 -26
right_child=2 3 5 9 -6 10 8 19 12 13 -12 -13 -14 18 -16 -17 17 27 28 22 -22 -23 -24 24 29 -27 -28 -29 -30 -31
leaf_value=0.013855999740274731 -0.0020686877573547523 -0.05719450111542293 0.0273591509748932 -0.034255321948624851 0.07685677893124937 0.059348267330567334 -0.048142889894046526 0.0054543111254597397 -0.026642718575159222 -0.035858621851814737 0.11805272079015335 0.025633399019192121 0.027321254163635334 -0.00095159420164750224 0.096134136699985662 0.069316212111483241 0.033168777939159413 -0.035863496294521707 0.054494165551898024 -0.0052480410696537074 0.054789945088149439 0.051788043817448032 0.043325916467612684 -0.051234533550986061 -0.04994972030726199 0.0054019677752230868 0.098294561561855939 0.0079369863422358716 0.011368286554635822 -0.019890965750210876
leaf_weight=172.86507487297058 43.076364532113075 226.97905777394772 11.656991869211195 30.483164772391319 32.928687006235123 10.510505735874174 189.71831312775612 17.994827494025234 32.11497488617897 14.291692927479742 69.852091804146767 58.385156095027924 7.6033931523561469 19.427723214030266 17.960350140929222 31.111800879240036 9.1867427825927752 9.9336812049150485 11.728900328278543 11.930398747324945 48.92349000275135 10.169672042131422 10.070068925619124 33.801416113972664 14.927086040377615 8.6860151886939985 36.729638502001762 12.058016762137411 11.168013751506804 52.896955385804176
leaf_count=1040 269 1647 63 209 168 54 1338 107 216 97 321 340 45 119 88 158 54 64 69 69 271 57 57 237 103 53 180 77 65 365
internal_value=-0.000177103 -0.0287264 0.0593501 -0.0394801 0.0327828 0.0941667 -0.0471845 0.0254866 -0.0402912 -0.00556754 0.106815 0.0138326 -0.016144 0.00321681 0.0695614 0.0580876 -0.0102344 0.00142862 0.0177756 0.0373433 0.0430965 0.0224855 0.0168545 -0.0435593 -0.0349144 -0.0253424 0.0898787 -0.0116942 0.0338178 -0.0266439
internal_weight=1269.17 857.87 411.3 685.005 233.479 177.821 558.041 200.55 331.062 126.964 117.092 101.462 39.7184 87.7948 60.7291 42.7688 45.4701 31.1784 42.3246 99.0885 77.088 28.1645 22.0005 291.344 101.625 39.1692 47.2401 21.9917 22.8969 67.824
internal_count=8000 5798 2202 4758 1338 864 3951 1170 2304 807 555 609 261 545 309 221 292 195 253 561 435 164 126 2043 705 262 234 141 134 468
is_linear=0
shrinkage=0.05


Tree=5
num_leaves=31
num_cat=1
split_feature=7 7 7 7 13 7 7 13 1 13 4 1 4 4 13 7 1 13 6 1 6 6 13 7 13 12 5 13 5 13
split_gain=770.805 147.329 128.167 68.6801 25.2884 18.0428 15.1309 9.95617 9.50678 8.16748 8.15804 7.444 6.97863 12.2426 6.89664 6.66326 6.20314 5.13238 4.98955 5.15368 4.74683 6.22267 4.6986 4.31948 5.15031 4.39129 4.19366 4.09284 4.08268 3.949
threshold=0.094336282461881651 1.0000000180025095e-35 0.23654867708683017 0.03823008947074414 0.42701935768127447 0.67185840010643016 0.0057522123679518708 0.40445718169212347 0.81725418567657482 0.33216404914855963 0.37014016509056097 0.95445135235786449 0.26999843120574957 0.35832114517688757 0.3718619048595429 0.018318584188818935 0.68693286180496227 0.34569926559925085 0.044264031574130065 0.77664399147033703 0.037173517048358924 0.09064574167132379 0.36280831694602972 0.019026548601686958 0.31968685984611517 0 0.0071068138349801311 0.39254371821880346 0.0055262942332774409 0.38900277018547064
decision_type=2 2 2 2 2 2 2 2 2 2 2 2 2 2 2 2 2 2 2 2 2 2 2 2 2 1 2 2 2 2
left_child=1 -1 4 6 8 9 -3 23 12 -4 27 -11 -2 14 -14 -9 17 -12 -15 -20 -18 -22 -19 -8 -25 -26 -13 -5 -6 -24
right_child=2 3 5 10 28 -7 7 15 -10 11 16 26 13 18 -16 -17 20 22 19 -21 21 -23 29 24 25 -27 -28 -29 -30 -31
leaf_value=0.013056157805518368 -0.010572436352551666 -0.056538969164651537 0.029844762068477589 -0.033298211542593117 0.096764770525385679 0.10492855934061107 -0.047262543567436456 -0.02576003363393738 0.034783924335185207 0.058381232017138088 -0.034891945092204384 0.10508217188107077 0.015393119071911529 0.031142755255064877 0.072608712817841356 0.025570107981275653 -0.011467489383712698 0.030939574421406303 -0.011216410032559484 0.033013096437743548 0.058043850273401004 0.010666517782833687 -0.03486831877527629 -0.050400383071708826 -0.032844117913149229 -0.0021281098308626734 0.076342687188085442 0.0051184865936516801 0.057652857165781529 0.0075063283775283242
leaf_weight=174.25168752670288 23.703929051756859 218.35015761852264 10.593481451272963 29.811558842658997 10.859910368919371 77.175601541996002 183.74385356903076 31.572117775678635 101.02500842511654 35.629276126623154 13.96444848179817 24.533817961812019 8.8778794258832949 15.745494753122328 14.097701743245123 7.7215892076492301 10.841638058423994 9.3588098138570803 31.62283544242382 8.196000859141348 10.438360631465914 21.464251562952995 9.7148252576589602 32.673190847039223 51.128018468618393 15.534471943974493 36.3401158452034 8.7135354131460172 23.215239807963371 12.116514936089514
leaf_count=1040 142 1647 54 209 51 342 1338 216 561 179 97 117 55 94 80 45 67 54 189 49 58 128 64 237 359 109 172 53 117 77
internal_value=-0.000201935 -0.0278553 0.0549663 -0.0385488 0.0306228 0.0862602 -0.046306 -0.039344 0.0238801 0.0726755 -0.00532128 0.0772897 0.0130339 0.0202265 0.0508795 -0.0155069 0.00304117 -0.00980253 0.00739311 -0.0019274 0.016717 0.0264573 0.00134631 -0.0426285 -0.0339676 -0.0257751 0.0881608 -0.024489 0.070511 -0.0111952
internal_weight=1263.02 841.399 421.616 667.147 237.344 184.272 540.723 322.373 203.269 107.097 126.424 96.5032 102.244 78.5399 22.9756 39.2937 87.8988 45.1546 55.5643 39.8188 42.7443 31.9026 31.1902 283.08 99.3357 66.6625 60.8739 38.5251 34.0752 21.8313
internal_count=8000 5798 2202 4758 1338 864 3951 2304 1170 522 807 468 609 467 135 261 545 292 332 238 253 186 195 2043 705 468 289 262 168 141
cat_boundaries=0 1
cat_threshold=2
is_linear=0
shrinkage=0.05


Tree=6
num_leaves=31
num_cat=0
split_feature=7 7 7 7 13 13 7 13 7 4 6 1 13 4 3 7 13 4 7 5 3 7 1 6 6 13 13 13 7 13
split_gain=690.661 138.068 109.656 65.9595 21.7467 16.1114 15.1561 9.6136 8.94031 8.94795 7.74583 7.53519 9.0014 7.49473 7.11878 6.28164 8.53419 13.2117 11.7527 6.52629 6.22715 6.1029 5.575 5.30055 5.23807 4.77133 4.4175 4.38692 4.25514 5.03527
threshold=0.094336282461881651 1.0000000180025095e-35 0.23654867708683017 0.03823008947074414 0.42701935768127447 0.4079259335994721 0.0057522123679518708 0.40445718169212347 0.17752212285995486 0.26999843120574957 0.20337178558111194 0.75255101919174205 0.39072994887828832 0.37014016509056097 0.056636579334735877 0.12566372007131579 0.36280831694602972 0.35832114517688757 0.14672566205263141 0.49264955520629888 0.066815476864576354 0.017256637103855613 0.68693286180496227 0.067533046007156386 0.25606176257133489 0.34569926559925085 0.3750202357769013 0.35550281405448919 0.019026548601686958 0.31686073541641241
decision_type=2 2 2 2 2 2 2 2 2 2 2 2 2 2 2 2 2 2 2 2 2 2 2 2 2 2 2 2 2 2
left_child=1 -1 4 6 8 14 -3 28 9 11 -10 -2 -13 -5 -4 19 18 -18 20 26 -17 -9 25 -19 -7 -15 -11 -24 -8 -30
right_child=2 3 5 13 -6 24 7 21 10 15 -12 12 -14 22 -16 16 17 23 -20 -21 -22 -23 27 -25 -26 -27 -28 -29 29 -31
leaf_value=0.012309047776195939 -0.032908544385084108 -0.055914384949517407 0.055248820746653382 -0.023656701483113499 0.065086424453597955 0.10392791034199518 -0.046399947072929139 -0.026181318843290197 0.076684656779014093 -0.027158716947259721 0.022567681276946278 -0.0096982609080529456 0.049239888992226165 -0.033942188847983258 0.082592623891899503 0.016676032415037692 0.084805339458922713 -0.0041683302207148549 -0.02302365842632699 0.034947057384342263 0.062400505537460217 0.01958437244463223 -0.0015373564442635451 0.044744293091077254 0.073917299987119156 0.0012692176235712792 0.010405597884527744 0.030228516473379114 -0.050531737031184069 -0.025337783135285015
leaf_weight=175.55810213088989 13.412355959415434 209.96350586414337 63.596446707844734 37.903157398104668 35.060064122080803 61.706341490149498 177.95143848657608 29.41741344332695 13.202056244015694 11.392369568347929 14.069726034998894 16.720466658473018 10.351282954216002 13.64836774766445 41.795883610844612 20.803563475608826 16.114025011658669 9.0217119902372378 12.461341544985769 18.457332104444504 11.991826325654982 9.4644871205091459 19.553477987647057 13.503626450896261 22.646418944001198 31.193929195404053 24.329917550086975 23.566387742757797 29.312698245048523 67.808528676629066
leaf_count=1040 81 1647 307 262 168 269 1338 206 72 70 78 99 57 97 189 120 87 50 74 105 66 55 119 75 99 195 136 134 220 485
internal_value=-0.000221819 -0.0270076 0.0510974 -0.037638 0.0286538 0.0795343 -0.0454461 -0.0384137 0.0223952 0.0182584 0.0491324 -0.002296 0.0127519 -0.00508691 0.0662081 0.0243185 0.0329136 0.0502254 0.0179448 0.010881 0.0336863 -0.0148913 0.00287586 0.0250013 0.0960271 -0.00938828 -0.00147702 0.0157378 -0.0417138 -0.0330373
internal_weight=1255.98 825.341 430.637 649.783 240.892 189.745 523.918 313.955 205.832 178.56 27.2718 40.4841 27.0717 125.865 105.392 138.076 83.8961 38.6394 45.2567 54.1796 32.7954 38.8819 87.9622 22.5253 84.3528 44.8423 35.7223 43.1199 275.073 97.1212
internal_count=8000 5798 2202 4758 1338 864 3951 2304 1170 1020 150 237 156 807 496 783 472 212 260 311 186 261 545 125 368 292 206 253 2043 705
is_linear=0
shrinkage=0.05


Tree=7
num_leaves=31
num_cat=0
split_feature=7 7 7 7 13 13 7 7 13 1 7 13 13 7 10 7 3 4 3 7 13 4 6 1 6 5 6 3 13 5
split_gain=620.34 129.368 94.8244 63.6176 19.4328 18.9386 14.6537 8.76416 9.47734 8.40352 8.21236 8.25452 7.80573 10.7405 9.55961 7.96346 9.06142 7.92717 7.69588 6.59521 6.58667 6.33556 6.03124 5.75439 5.56493 4.95849 6.73185 4.95797 4.74858 4.33726
threshold=0.094336282461881651 1.0000000180025095e-35 0.23654867708683017 0.02008849568665028 0.34569926559925085 0.42400081455707556 0.67185840010643016 0.12566372007131579 0.37711495161056524 0.70135134458541881 0.0037168140988796954 0.42701935768127447 0.34727093577384954 0.13831858336925509 0.20088066160678866 0.15415929257869723 1.0000000180025095e-35 0.4714068621397019 0.063474979251623168 0.022035398520529274 0.33216404914855963 0.29890210926532751 0.30962505936622625 0.95445135235786449 0.049081858247518546 0.37111482024192816 0.15922193974256518 0.023378042504191402 0.29111817479133612 0.46868900954723364
decision_type=2 2 2 2 2 2 2 2 2 2 2 2 2 2 2 2 2 2 2 2 2 2 2 2 2 2 2 2 2 2
left_child=1 -1 5 10 9 7 20 8 -2 22 -3 28 17 -14 -15 16 -16 25 -18 -6 -4 -21 -5 -22 -10 26 -9 -26 -12 -23
right_child=2 3 6 4 19 -7 -8 12 24 -11 11 -13 13 14 15 -17 18 -19 -20 21 23 29 -24 -25 27 -27 -28 -29 -30 -31
leaf_value=0.011610400418586266 -0.020516360659203141 -0.056066952326117941 0.024114973881279308 -0.043647153645923385 -0.03974431915150517 0.058278822988190829 0.090117245745476207 0.035843836182510712 0.041391227969478785 0 -0.00697726029160123 -0.00029451089215380612 0.086411185939988644 0.073792087025519135 0.071511599870272641 -0.013754931469318502 -0.0064346531047335502 0.052840090206962648 0.044724617417394294 -0.019760139915814958 0.049574144170458211 0.0051533637076615572 0.004747311139483291 0.075086423135493963 -0.023204432781410125 -0.019176216627519969 -0.0055911367677499539 0.020760904373494288 -0.045278060202066941 0.043092548441327809
leaf_weight=176.78940176963806 22.552417069673538 181.72864012420177 11.03691630065441 66.6034175157547 9.9886847585439664 40.14906407892704 81.278503507375717 20.052313759922981 17.192764848470688 16.792920753359795 8.7648543119430524 11.670471563935278 10.340727433562277 10.838848188519476 10.867679685354231 11.815079182386397 15.297614932060243 11.272300288081167 13.763862520456312 24.62126487493515 37.503615781664848 77.230394810438156 6.9015477001667014 64.56732252240181 9.8112874031066912 13.558437973260878 18.695281490683556 17.867022305727005 220.3719030469656 8.3291543424129468
leaf_count=1040 139 1485 54 496 70 191 342 111 95 107 68 81 55 56 61 67 85 62 73 172 179 487 51 289 56 80 108 99 1691 50
internal_value=-0.000238788 -0.0261786 0.047653 -0.0367406 -0.0142384 0.0268527 0.0737171 0.0206155 0.00576169 -0.0317533 -0.0479312 -0.0417499 0.0279062 0.0391078 0.0310866 0.0219196 0.0326086 0.0149383 0.0176938 -0.00102036 0.0618188 0.00247776 -0.0390351 0.0658192 0.0190966 0.00658955 0.0157603 0.00496883 -0.0438385 0.00895108
internal_weight=1248.25 809.793 438.461 633.003 210.467 244.075 194.386 203.926 67.4235 90.2979 422.536 240.807 136.502 72.9238 62.5831 51.7442 39.9292 63.5783 29.0615 120.169 113.108 110.181 73.505 102.071 44.8711 52.306 38.7476 27.6783 229.137 85.5595
internal_count=8000 5798 2202 4758 1433 1338 864 1147 389 654 3325 1840 758 397 342 286 219 361 158 779 522 709 547 468 250 299 219 155 1759 537
is_linear=0
shrinkage=0.05


Tree=8
num_leaves=31
num_cat=1
split_feature=7 7 7 7 13 3 13 13 7 7 1 7 13 4 4 13 7 6 5 7 12 13 5 1 7 7 13 13 4 6
split_gain=558.887 128.344 90.6131 49.5779 17.0618 18.1026 13.4756 13.1259 8.78915 8.63207 7.55145 6.68562 11.6082 6.59241 8.562 6.10621 6.05154 5.34985 5.29673 5.18549 5.04488 5.02117 4.59316 4.47563 4.21564 3.94816 3.91095 4.2158 3.69775 3.58946
threshold=0.087610617280006423 1.0000000180025095e-35 0.23654867708683017 0.018318584188818935 0.38759545981884008 0.052521239966154105 0.37982544302940374 0.42400081455707556 0.097964603453874602 0.061769910156726844 0.81725418567657482 0.001150442461948842 0.28685261309146887 0.26999843120574957 0.35832114517688757 0.42701935768127447 0.15265487134456637 0.042675545439124114 0.34259587526321417 0.67185840010643016 0 0.34684208035469061 0.0129161449149251 0.67006802558898937 0.076194688677787795 0.022035398520529274 0.28395155072212225 0.35365103185176855 0.29890210926532751 0.044264031574130065
decision_type=2 2 2 2 2 2 2 2 2 2 2 2 2 2 2 2 2 2 2 2 1 2 2 2 2 2 2 2 2 2
left_child=1 -1 7 11 9 18 17 10 -9 21 13 -3 -13 -2 23 -14 -10 -4 -6 -8 -19 -5 24 -15 -11 -23 -12 -28 -27 -16
right_child=2 3 6 4 5 -7 19 8 16 22 26 12 15 14 29 -17 -18 20 -20 -21 -22 25 -24 -25 -26 28 27 -29 -30 -31
leaf_value=0.010956396896365786 -0.013282123810622042 -0.056489418272546291 0.024645250806911483 -0.038400631809824462 0.0026342270732322374 0.055873386524816361 0.065330683988757993 0.013009410984385066 0.083584319597588996 0.034962062382830582 0.058735803090086781 0.01619442418374753 -0.046816600440052925 0.066985321156172992 0.024753400565106255 -0.009461300371827519 0.038039869677478709 0.067273033459782111 -0.048221072215648232 0.086653433814033537 0.029386982253497052 -0.03820607425170313 -0.023463506647908153 0.022395928937922176 -0.01026853602874318 -0.034377493750872914 0.012103940731972471 0.033173479073390494 -0.002094157201023494 -0.0014045631892794202
leaf_weight=177.95034408569336 24.120069161057472 152.31391131877899 16.489178314805031 79.266271188855171 13.726884081959726 14.620440080761908 52.962086915969849 12.486623391509054 17.078304886817932 10.604073062539101 9.754592612385748 7.9076828584074965 209.38514762371778 10.071622982621195 18.385795712471008 11.961315900087355 14.152979478240015 38.527343437075615 7.9011170715093604 77.846528187394142 12.37088632583618 19.495259359478951 14.517958894371985 14.065814495086668 9.6231878697872162 12.252632558345793 39.555607452988625 63.664390325546265 32.879142954945564 44.034960761666298
leaf_count=1040 147 1296 79 602 87 91 234 62 79 65 50 62 1681 56 106 86 65 174 51 321 56 149 96 78 60 91 217 339 220 260
internal_value=-0.000252581 -0.0262831 0.0430312 -0.0374017 -0.0181434 0.0130152 0.0686591 0.0239965 0.0491069 -0.0244977 0.019046 -0.0482267 -0.042693 0.00968157 0.0161462 -0.0448257 0.063292 0.0501413 -0.0158505 0.0781149 0.0582385 -0.0298978 -0.00196856 0.0414073 0.0132528 -0.0193485 0.0281592 0.0251672 -0.0110258 0.00624746
internal_weight=1239.97 774.405 465.567 596.455 214.887 36.2484 198.196 267.371 43.7179 178.639 223.653 381.568 229.254 110.678 86.5582 221.346 31.2313 67.3874 21.628 130.809 50.8982 143.893 34.7452 24.1374 20.2273 64.627 112.975 103.22 45.1318 62.4208
internal_count=8000 5677 2323 4637 1512 229 864 1459 206 1283 1253 3125 1829 647 500 1767 144 309 138 555 230 1062 221 134 125 460 606 556 311 366
cat_boundaries=0 1
cat_threshold=2
is_linear=0
shrinkage=0.05


Tree=9
num_leaves=31
num_cat=0
split_feature=7 7 7 7 13 3 13 13 7 7 7 4 1 7 13 13 13 6 4 1 3 7 3 7 13 7 4 3 6 5
split_gain=504.548 120.43 79.8121 48.3189 17.2031 13.5846 12.0361 11.5148 9.08663 7.59342 7.40107 7.40003 6.49671 6.05145 11.0784 6.40134 5.96109 5.94587 5.70837 6.17418 5.62037 5.09431 4.80281 4.71657 6.85595 9.95792 9.25288 5.12601 4.36505 4.11159
threshold=0.087610617280006423 1.0000000180025095e-35 0.23654867708683017 0.017256637103855613 0.38759545981884008 0.052521239966154105 0.4079259335994721 0.42400081455707556 0.03823008947074414 0.097964603453874602 0.17752212285995486 0.26999843120574957 0.75255101919174205 0.001150442461948842 0.2890517413616181 0.42701935768127447 0.39072994887828832 0.20337178558111194 0.50125628709793102 0.68693286180496227 0.05774903483688832 0.15265487134456637 0.013453185558319094 0.12566372007131579 0.36280831694602972 0.14672566205263141 0.35832114517688757 0.066815476864576354 0.25606176257133489 0.49264955520629888
decision_type=2 2 2 2 2 2 2 2 2 2 2 2 2 2 2 2 2 2 2 2 2 2 2 2 2 2 2 2 2 2
left_child=1 -1 7 13 8 22 20 10 -5 -9 11 12 -2 -3 -15 -16 -14 -12 -10 -20 -4 -11 -6 29 25 27 -26 -25 -8 -13
right_child=2 3 6 4 5 -7 28 9 18 21 17 23 16 14 15 -17 -18 -19 19 -21 -22 -23 -24 24 26 -27 -28 -29 -30 -31
leaf_value=0.010343589186865529 -0.032479766080145661 -0.055998786742440999 0.043748546460412284 -0.034475313269014658 0.0061451517078332605 0.046565893726299872 0.085020584394973175 0.012295525946285532 -0.020754012107038373 0.077151661202836119 0.064873592023316232 0.0018143289965989941 -0.0080820625553362536 0.014253637101300842 -0.046977897466369677 -0.0082918510790531211 0.038523020644979152 0.018586902094739545 -0.016832519846066745 0.032979549685488996 0.067336024448038864 0.035678551896765852 -0.040156960479873931 0.012858835857377991 0.06983908694366682 -0.023607167951484681 0.020704292697799678 0.053343780629924668 0.058551825063788122 0.029349097674705227
leaf_weight=179.04529929161072 13.555069774389265 146.12359607219696 68.371072441339493 104.81352150440216 13.109002545475962 16.247077532112598 65.370645433664322 12.555018648505209 57.50823138654232 17.571920767426491 14.127845004200935 49.331921800971031 18.042223617434505 8.1075090020894987 189.045554690063 11.720876008272169 10.83338515460491 14.528956010937691 12.292316511273386 12.272878661751745 43.698881283402443 14.336872443556787 9.4630799442529661 21.524188429117203 17.492001950740814 12.570403754711149 22.191365867853165 12.692311048507689 23.891758099198341 18.842621579766273
leaf_count=1040 85 1296 310 821 85 99 269 62 402 79 72 282 108 63 1573 85 58 78 80 72 186 65 61 120 87 74 119 66 99 104
internal_value=-0.000262867 -0.025481 0.040356 -0.0365351 -0.0183994 0.0117773 0.0641946 0.0225574 -0.0246973 0.0458692 0.0179251 0.0144194 -0.0039725 -0.0480432 -0.0424296 -0.0447495 0.00930301 0.0417264 -0.0121225 0.0078839 0.0530423 0.0588434 -0.0131374 0.0194973 0.0272781 0.014105 0.0426092 0.0281338 0.0780654 0.00952968
internal_weight=1231.28 759.749 471.528 580.704 225.706 38.8192 201.332 270.196 186.887 44.4638 225.732 197.075 42.4307 354.998 208.874 200.766 28.8756 28.6568 82.0734 24.5652 112.07 31.9088 22.5721 154.645 86.4703 46.7869 39.6834 34.2165 89.2624 68.1745
internal_count=8000 5677 2323 4637 1620 245 864 1459 1375 206 1253 1103 251 3017 1721 1658 166 150 554 152 496 144 146 852 466 260 206 186 368 386
is_linear=0
shrinkage=0.05


Tree=10
num_leaves=31
num_cat=0
split_feature=7 7 7 7 13 3 7 13 7 6 5 7 4 1 3 7 13 13 5 13 13 13 7 4 7 13 7 13 7 4
split_gain=456.157 112.975 70.662 47.1637 14.5066 14.0917 11.5396 10.144 7.65672 6.91293 6.76214 6.45352 6.59267 5.96672 5.72449 5.41912 5.35136 5.27934 5.00832 4.88796 4.56248 4.36139 4.51856 5.96272 4.22531 5.09598 4.148 5.95394 8.92205 7.88163
threshold=0.087610617280006423 1.0000000180025095e-35 0.23654867708683017 0.018318584188818935 0.38759545981884008 0.052521239966154105 0.67185840010643016 0.42400081455707556 0.061769910156726844 0.011374418158084156 0.003444607369601727 0.17752212285995486 0.26999843120574957 0.75255101919174205 0.1533312872052193 0.097964603453874602 0.346301019191742 0.39072994887828832 0.34259587526321417 0.34684208035469061 1.0000000180025095e-35 0.38176779448986059 0.0068141592200845489 0.51974025368690502 0.076194688677787795 0.33983182907104498 0.12566372007131579 0.36280831694602972 0.14672566205263141 0.35832114517688757
decision_type=2 2 2 2 2 2 2 2 2 2 2 2 2 2 2 2 2 2 2 2 2 2 2 2 2 2 2 2 2 2
left_child=1 -1 7 9 8 18 14 11 19 -3 -9 12 13 -2 -4 -12 -13 -15 -6 -5 -11 -22 -23 -24 25 -10 -14 28 -28 -29
right_child=2 3 6 4 5 -7 -8 10 24 20 15 16 26 17 -16 -17 -18 -19 -20 -21 21 22 23 -25 -26 -27 27 29 -30 -31
leaf_value=0.0097688752786123396 -0.031490025856921691 -0.055357223815381974 0.043217676623568506 -0.036770855111307559 0.0031790942328700981 0.047777219002087645 0.07450594898016373 0.077801368663117765 0.0450494499602523 -0.013817535667632422 0.0021117203686460704 0.020799452013232991 0.0090116563011860169 -0.0077163736103919292 0.068759893894335594 0.045235758113923004 0.065190141062778581 0.035916955409826215 -0.046944817249616973 -0.017618022626329961 -0.048781186273992916 -0.056557646301305498 -0.032823949741614303 0.012360707038403196 -0.019855443662804395 -0.0081461136443948465 0.026375443694093639 0.064386315834546501 -0.022744395570168323 0.019469223723383465
leaf_weight=180.07835865020752 13.291983887553213 143.92893469333649 88.247359424829483 75.574489131569862 13.638056904077532 15.50035624206066 84.528925374150276 10.744392961263655 7.8391000777483013 15.129251576960085 10.924509197473524 17.513595685362819 68.510610297322273 17.959314063191417 31.14828072488308 23.444356888532639 11.688642412424086 11.040163874626158 7.5980925634503356 62.615731462836266 123.45724833011627 16.180870644748211 48.920612722635269 8.3488210141658765 16.678727328777313 10.061025604605673 34.67816199362278 18.018797308206558 12.403016716241835 22.419438809156418
leaf_count=1040 85 1315 392 602 87 91 342 47 51 138 54 93 386 108 130 105 57 58 51 460 1062 147 396 67 108 62 186 87 74 119
internal_value=-0.000269886 -0.0246955 0.0379291 -0.0356796 -0.0168086 0.0116089 0.0601994 0.0212373 -0.0228833 -0.0467643 0.0429528 0.0168926 0.0136089 -0.00379665 0.049975 0.0317193 0.0389 0.00878945 -0.0146564 -0.0281476 -0.0408846 -0.0429308 -0.0329764 -0.0261396 -0.00168027 0.0149932 0.0183581 0.0255988 0.0133086 0.0397165
internal_weight=1222.11 745.55 476.562 565.471 209.506 36.7365 203.925 272.637 172.769 355.966 45.1133 227.524 198.321 42.2915 119.396 34.3689 29.2022 28.9995 21.2361 138.19 212.037 196.908 73.4503 57.2694 34.5789 17.9001 156.03 87.5194 47.0812 40.4382
internal_count=8000 5677 2323 4637 1512 229 864 1459 1283 3125 206 1253 1103 251 522 159 150 166 138 1062 1810 1672 610 463 221 113 852 466 260 206
is_linear=0
shrinkage=0.05


Tree=11
num_leaves=31
num_cat=1
split_feature=7 7 7 7 13 3 7 13 13 7 13 4 1 5 7 13 13 5 7 13 4 1 4 3 7 6 6 12 13 5
split_gain=412.921 105.952 63.125 46.0333 14.6235 10.4962 9.13392 13.2566 8.93857 8.40752 6.97382 7.36988 6.64958 8.21645 6.34668 9.8031 6.34164 5.95699 5.32212 5.23885 5.09244 5.42041 4.58817 4.49292 4.47604 4.64758 4.37342 3.35778 5.12643 3.34999
threshold=0.087610617280006423 1.0000000180025095e-35 0.28300885856151586 0.017256637103855613 0.38759545981884008 0.052521239966154105 0.17752212285995486 0.45247168838977819 0.33216404914855963 0.03823008947074414 0.38662746548652654 0.34656305611133581 0.77664399147033703 0.0037136946339160208 0.001150442461948842 0.29111817479133612 0.42701935768127447 0.0018764103879220786 0.15415929257869723 0.37371504306793218 0.50125628709793102 0.68693286180496227 0.47281807661056524 0.013453185558319094 0.094336282461881651 0.25040192902088171 0.18733490258455279 0 0.32835212349891668 0.013778429478406908
decision_type=2 2 2 2 2 2 2 2 2 2 2 2 2 2 2 2 2 2 2 2 2 2 2 2 2 2 2 1 2 2
left_child=1 -1 6 14 9 23 7 10 -4 27 11 -2 -13 -14 -3 -16 -17 -12 24 -8 -11 -22 -10 -6 -19 26 -26 -5 -29 -15
right_child=2 3 8 4 5 -7 19 -9 22 20 17 12 13 29 15 16 -18 18 -20 -21 21 -23 -24 -25 25 -27 -28 28 -30 -31
leaf_value=0.0092294373831887776 -0.010183432288233669 -0.055122844089242874 0.017346126728585095 -0.038147117903076226 0.0065064101607396341 0.039892708086669608 0.02864444688259556 0.076309575272063071 0.058448329664362531 -0.019276690684527347 0.044976101652856315 -0.0032445499370225292 0.00053944105363262112 0.063514594918846659 0.01117526241978533 -0.04546010503862042 -0.0063750430059984313 -0.0067572378002634468 -0.011598460372926177 0.05794414676607626 -0.015661421892868271 0.031021678130318628 0.078701639774799589 -0.038767177591719888 0.028879331856854741 0.053301381287026856 -0.0056334562553719669 -0.042890993626959119 0.0023241311666695485 0.029170934104392268
leaf_weight=181.0533344745636 40.219470202922821 134.79271623492241 11.365539014339445 74.842329859733582 13.05030043423176 17.087152533233166 48.209501221776009 9.3244028985500318 110.48002931475639 55.998407274484634 27.33031664788723 28.753601968288422 19.517111673951149 11.734387412667273 8.509093299508093 176.23283868283033 11.384013786911963 10.469063863158224 12.695414885878561 23.542786434292793 12.072291828691961 12.471600383520125 42.066671580076218 9.1436131671071035 37.83246822655201 14.351682513952253 11.771382376551626 10.600635498762133 14.646979831159113 21.139970019459724
leaf_count=1040 243 1296 52 615 85 99 231 41 460 402 136 169 101 62 68 1568 85 61 63 102 80 72 169 61 190 71 60 90 116 112
internal_value=-0.000276663 -0.0239274 0.0357119 -0.0348346 -0.0170567 0.0104836 0.0226451 0.018001 0.0609143 -0.0230759 0.0156429 0.00722533 0.0159174 0.0265153 -0.0466251 -0.0407342 -0.0431198 0.0245112 0.0179896 0.0383949 -0.0109376 0.00788661 0.0641141 -0.0120117 0.0231127 0.0280832 0.0205937 -0.032773 -0.0165573 0.0417369
internal_weight=1212.69 731.885 480.804 550.832 219.913 39.2811 316.892 245.139 163.912 180.632 235.815 121.365 81.1451 52.3915 330.919 196.126 187.617 114.45 87.12 71.7523 80.5423 24.5439 152.547 22.1939 74.4246 63.9555 49.6039 100.09 25.2476 32.8744
internal_count=8000 5677 2323 4637 1620 245 1642 1309 681 1375 1268 687 444 275 3017 1721 1653 581 445 333 554 152 629 146 382 321 250 821 206 174
cat_boundaries=0 1
cat_threshold=2
is_linear=0
shrinkage=0.05


Tree=12
num_leaves=31
num_cat=1
split_feature=7 7 7 7 13 3 7 13 7 13 7 13 13 4 13 1 5 5 1 4 13 13 5 4 5 5 13 12 7 1
split_gain=374.053 99.351 56.6244 44.8526 13.4813 9.28225 8.06106 11.6271 7.97553 7.97317 6.45229 9.35782 6.16705 6.61429 6.15609 5.89612 7.17143 5.28067 4.84494 4.74869 4.61323 4.53094 4.38296 4.28683 4.26074 6.78267 3.23597 4.55933 5.35868 3.09875
threshold=0.087610617280006423 1.0000000180025095e-35 0.28300885856151586 0.017256637103855613 0.38759545981884008 0.052521239966154105 0.17752212285995486 0.45247168838977819 0.03823008947074414 0.33216404914855963 0.001150442461948842 0.29111817479133612 0.38662746548652654 0.34656305611133581 0.42701935768127447 0.77664399147033703 0.0037136946339160208 0.51541250944137584 0.7559294104576112 0.37014016509056097 0.37371504306793218 0.40583159029483801 0.32318785786628729 0.47281807661056524 0.0023188412887975578 0.0071895292494446048 0.31686073541641241 0 0.02008849568665028 0.68693286180496227
decision_type=2 2 2 2 2 2 2 2 2 2 2 2 2 2 2 2 2 2 2 2 2 2 2 2 2 2 2 1 2 2
left_child=1 -1 6 10 8 21 7 12 26 -4 -3 -12 13 -2 -13 -15 -17 18 22 -10 -8 -6 -14 -11 -20 -26 -5 -28 -29 -21
right_child=2 3 9 4 5 -7 20 -9 19 23 11 14 17 15 -16 16 -18 -19 24 29 -22 -23 -24 -25 25 -27 27 28 -30 -31
leaf_value=0.0087227299406649767 -0.0097334284009603991 -0.054696986743667048 0.016387053130181361 -0.047351584284310314 -0.033467294707275351 0.037090296674066214 0.026916933353576828 0.071024499097294289 -0.029108079024455072 0.055019619240250894 0.010538460696676607 -0.044717409840596828 0.027670499504092106 -0.0030886005108804702 -0.0060858373352875436 0.00051247532287041289 0.03887687076825222 -0.0028321638719522712 0.059959975988212122 -0.013873946251786893 0.054257199267322878 0.011500804392653425 -0.0054090501404795641 0.074539798821571496 -0.0056215992932137837 0.039726128424055152 -0.033316322179916202 -0.040555952210184175 0.016957967326051628 0.009574038241176655
leaf_weight=181.97377562522888 39.985720798373222 129.19259801506996 11.433242931962011 25.836359821259975 11.355680398643019 17.456894144415855 48.730880543589592 9.5194466412067396 23.897095173597336 111.47570779919624 8.5763636976480466 170.35343385487795 23.852212250232697 28.701564833521843 11.334787152707575 19.522014066576958 33.528288692235947 16.526120498776436 14.99006240069866 28.831389561295509 23.883033528923988 10.669547677040098 16.785909667611122 42.196235477924347 10.738724023103712 32.701803490519524 54.605335898697376 6.2181442603468922 11.099256515502928 27.202754095196724
leaf_count=1040 243 1296 52 230 80 99 231 41 189 460 68 1568 123 169 85 101 174 84 72 202 102 66 89 169 53 160 453 52 86 163
internal_value=-0.000281699 -0.0231779 0.03366 -0.0340044 -0.0164258 0.00989483 0.0213366 0.0169782 -0.0223046 0.0574474 -0.0459301 -0.0399254 0.0147604 0.00683935 -0.0423395 0.0150084 0.0248807 0.023046 0.0274118 -0.0104772 0.0360403 -0.0115042 0.0139042 0.0604571 0.0366809 0.0284139 -0.0319033 -0.0262265 -0.00352072 -0.00240486
internal_weight=1203.17 718.603 484.571 536.63 217.172 39.4821 319.466 246.852 177.69 165.105 319.457 190.265 237.332 121.738 181.688 81.7519 53.0503 115.595 99.0687 79.9312 72.6139 22.0252 40.6381 153.672 58.4306 43.4405 97.7591 71.9227 17.3174 56.0341
internal_count=8000 5677 2323 4637 1620 245 1642 1309 1375 681 3017 1721 1268 687 1653 444 275 581 497 554 333 146 212 629 285 213 821 591 138 365
cat_boundaries=0 1
cat_threshold=2
is_linear=0
shrinkage=0.05


Tree=13
num_leaves=31
num_cat=1
split_feature=7 7 7 7 13 13 7 3 7 13 7 13 7 13 13 3 4 7 13 1 5 4 1 3 6 6 13 5 13 12
split_gain=339.153 93.1452 51.0139 43.6543 12.4282 9.27918 8.57294 8.22555 7.56166 7.27546 6.55895 7.53765 6.06008 6.39326 5.94869 5.84024 5.16323 4.65646 5.0648 4.4955 6.34132 4.49233 4.57201 4.22349 3.99127 3.90536 3.82602 3.43251 3.17273 4.30704
threshold=0.087610617280006423 1.0000000180025095e-35 0.28300885856151586 0.017256637103855613 0.38759545981884008 0.45247168838977819 0.17752212285995486 0.052521239966154105 0.03823008947074414 0.4063215851783753 0.001150442461948842 0.29382900893688207 0.15415929257869723 0.38662746548652654 0.42701935768127447 0.062663611024618163 0.34656305611133581 0.097964603453874602 0.42400081455707556 0.77664399147033703 0.0037136946339160208 0.50125628709793102 0.68693286180496227 0.013453185558319094 0.076794873923063292 0.25606176257133489 0.37371504306793218 0.013778429478406908 0.31686073541641241 0
decision_type=2 2 2 2 2 2 2 2 2 2 2 2 2 2 2 2 2 2 2 2 2 2 2 2 2 2 2 2 2 1
left_child=1 -1 5 10 8 6 12 23 28 15 -3 -12 13 16 -13 -4 -2 24 -19 -18 -21 -10 -23 -6 -15 -11 -8 -22 -5 -30
right_child=2 3 9 4 7 -7 26 -9 21 25 11 14 -14 17 -16 -17 19 18 -20 20 27 22 -24 -25 -26 -27 -28 -29 29 -31
leaf_value=0.0082464271626327308 -0.0065277499121555284 -0.054289521672886636 0.031278765359948925 -0.046649867745852176 0.0068169745272014734 0.067697888256381664 0.025318418006914735 0.0345551401074706 -0.018029448451515061 0.070591347000450708 0.0035863833677611972 -0.043910687711188147 -0.010685304750243707 0.02762314900559297 -0.0058086600053472506 0.059933158008195687 -0.00045790114149122394 0.025338348087128516 0.057843253713105704 0.0011384443990267842 0.0591028311975774 -0.01447292768961907 0.028358288601679455 -0.037529577815115331 -0.0090149637268624235 0.045386877497389261 0.050212901887538221 0.02491780795713984 -0.032443697926911527 -0.0033603578656654313
leaf_weight=182.84296751022339 37.806308895349503 123.79157489538193 46.606273218989372 24.938124313950539 12.994183398783209 9.9234272092580778 49.210712105035782 17.798897191882133 54.735278494656086 65.895433083176613 9.5634833946824056 163.76579182595015 22.340101838111877 14.51841175556183 11.287878617644308 30.601082727313042 27.511097192764282 52.528625577688217 16.122792914509773 19.33843207359314 11.95587372779846 11.851326763629915 12.749683767557142 8.857079975306986 14.77123139798641 22.847006008028984 23.92997482419014 21.831407815217972 53.306438744068146 17.267990536987782
leaf_count=1040 231 1296 199 230 85 42 231 99 402 265 77 1559 113 77 85 125 162 263 69 100 60 80 72 61 81 92 101 112 453 138
internal_value=-0.000285983 -0.0224467 0.0317681 -0.0331882 -0.0158189 0.0201206 0.0185694 0.00934855 -0.0215567 0.0542977 -0.0452433 -0.0391244 0.0139346 0.0165033 -0.041487 0.0427634 0.00861343 0.0259753 0.0331179 0.0157735 0.024258 -0.010036 0.00754724 -0.0110195 0.00900804 0.0642171 0.033589 0.0373007 -0.0310534 -0.0254132
internal_weight=1193.49 705.751 487.738 522.908 214.499 321.788 311.865 39.6502 174.849 165.95 308.409 184.617 238.724 216.384 175.054 77.2074 118.443 97.9411 68.6514 80.6368 53.1257 79.3363 24.601 21.8513 29.2896 88.7424 73.1407 33.7873 95.5126 70.5744
internal_count=8000 5677 2323 4637 1620 1642 1600 245 1375 681 3017 1721 1268 1155 1644 324 665 490 332 434 272 554 152 146 158 357 332 172 821 591
cat_boundaries=0 1
cat_threshold=2
is_linear=0
shrinkage=0.05


Tree=14
num_leaves=31
num_cat=0
split_feature=7 7 7 7 13 13 7 3 7 13 7 13 13 7 13 4 4 13 7 13 4 13 7 7 4 1 13 6 5 13
split_gain=307.796 87.291 46.1378 42.4636 11.4518 8.21024 7.61135 7.30301 7.16213 7.0093 6.66681 7.22989 5.76861 5.43322 5.66618 4.83398 4.30071 4.23118 4.10852 4.49018 4.0571 4.05296 6.61145 10.2297 4.03264 3.65779 5.9098 3.55893 3.53021 3.40515
threshold=0.087610617280006423 1.0000000180025095e-35 0.28300885856151586 0.017256637103855613 0.38759545981884008 0.45247168838977819 0.17752212285995486 0.052521239966154105 0.03823008947074414 0.33216404914855963 0.001150442461948842 0.29382900893688207 0.42701935768127447 0.15415929257869723 0.38662746548652654 0.4714068621397019 0.37014016509056097 0.40583159029483801 0.097964603453874602 0.42400081455707556 0.47281807661056524 0.34569926559925085 0.12566372007131579 0.13831858336925509 0.37588028609752661 0.83503401279449474 0.31115071475505834 0.076794873923063292 0.011561267077922823 0.37371504306793218
decision_type=2 2 2 2 2 2 2 2 2 2 2 2 2 2 2 2 2 2 2 2 2 2 2 2 2 2 2 2 2 2
left_child=1 -1 5 10 8 6 13 17 -5 -4 -3 -12 -13 14 15 21 -10 -6 27 -20 -11 25 24 -24 -23 -2 -27 -16 -25 -8
right_child=2 3 9 4 7 -7 29 -9 16 20 11 12 -14 -15 18 -17 -18 -19 19 -21 -22 22 23 28 -26 26 -28 -29 -30 -31
leaf_value=0.0077984032212193412 -0.025179756191513469 -0.053898764904087529 0.013303803092920992 -0.030212413331919361 -0.032245586374613409 0.063449523031431199 0.023835755221461898 0.032251238049518169 -0.027706055747288974 0.049040607845908961 0.0034001569211363578 -0.043179267137838921 -0.0055431031241207109 -0.010199847195276866 0.02590783265884973 0.037474469712029335 -0.001968255901953726 0.011523451779456342 0.02380480632983701 0.05424188967361402 0.067947655877675525 -0.019665837218683726 0.072443086898717785 -0.00934124740808971 0.013832442551658736 0.030237250148401541 -0.021432416965602753 -0.0086068695825937784 0.030267063498346371 0.047230988743096981
leaf_weight=183.6639940738678 17.35238866508007 118.58703246712685 11.640441015362738 93.357601054012775 11.03130789846182 10.061400577425955 49.652636155486107 18.115514874458313 23.112058036029339 112.72375671565533 9.5877490565180761 158.35267100483179 11.243183754384516 22.240565806627274 14.707249522209169 12.515516087412832 55.655792728066444 10.66291658580303 53.107962980866432 16.334490641951561 42.099771022796631 17.526197582483292 9.3466908782720584 11.275810554623606 18.132094666361809 11.442038938403131 10.46046696603298 14.704515904188154 10.807796582579611 24.168601855635643
leaf_count=1040 107 1296 52 821 80 42 231 99 189 460 77 1559 85 113 77 63 365 66 263 69 169 110 46 60 101 58 60 81 60 101
internal_value=-0.000287373 -0.0217309 0.0300255 -0.0323805 -0.015228 0.0189945 0.0175333 0.00883402 -0.0208241 0.0514308 -0.0445626 -0.0383293 -0.0407184 0.0131685 0.0155822 0.00815211 -0.00960919 -0.0105491 0.0244481 0.0311039 0.0542546 0.00462224 0.012112 0.028805 -0.00250122 -0.00804941 0.00534772 0.00851197 0.00986687 0.0316164
internal_weight=1183.67 693.37 490.3 509.706 211.935 323.836 313.775 39.8097 172.125 166.464 297.771 179.184 169.596 239.954 217.713 118.859 78.7679 21.6942 98.8542 69.4425 154.824 106.343 67.0886 31.4303 35.6583 39.2549 21.9025 29.4118 22.0836 73.8212
internal_count=8000 5677 2323 4637 1620 1642 1600 245 1375 681 3017 1721 1644 1268 1155 665 554 146 490 332 629 602 377 166 211 225 118 158 120 332
is_linear=0
shrinkage=0.05


end of trees

feature_importances:
popularity_prior=141
text_embedding_similarity=138
age_group_fit=41
cooccurrence_score=36
region_fit=31
known_hobby_compatibility=28
occupation_fit=25
is_cold_start=6
mismatch_penalty=3
novelty_bonus=1

parameters:
[boosting: gbdt]
[objective: binary]
[metric: auc]
[tree_learner: serial]
[device_type: cpu]
[data_sample_strategy: bagging]
[data: ]
[valid: ]
[num_iterations: 300]
[learning_rate: 0.05]
[num_leaves: 31]
[num_threads: 20]
[seed: 42]
[deterministic: 0]
[force_col_wise: 0]
[force_row_wise: 0]
[histogram_pool_size: -1]
[max_depth: -1]
[min_data_in_leaf: 50]
[min_sum_hessian_in_leaf: 0.001]
[bagging_fraction: 1]
[pos_bagging_fraction: 1]
[neg_bagging_fraction: 1]
[bagging_freq: 0]
[bagging_seed: 400]
[bagging_by_query: 0]
[feature_fraction: 1]
[feature_fraction_bynode: 1]
[feature_fraction_seed: 30056]
[extra_trees: 0]
[extra_seed: 12879]
[early_stopping_round: 0]
[early_stopping_min_delta: 0]
[first_metric_only: 0]
[max_delta_step: 0]
[lambda_l1: 0.1]
[lambda_l2: 0.1]
[linear_lambda: 0]
[min_gain_to_split: 0]
[drop_rate: 0.1]
[max_drop: 50]
[skip_drop: 0.5]
[xgboost_dart_mode: 0]
[uniform_drop: 0]
[drop_seed: 17869]
[top_rate: 0.2]
[other_rate: 0.1]
[min_data_per_group: 100]
[max_cat_threshold: 32]
[cat_l2: 10]
[cat_smooth: 10]
[max_cat_to_onehot: 4]
[top_k: 20]
[monotone_constraints: ]
[monotone_constraints_method: basic]
[monotone_penalty: 0]
[feature_contri: ]
[forcedsplits_filename: ]
[refit_decay_rate: 0.9]
[cegb_tradeoff: 1]
[cegb_penalty_split: 0]
[cegb_penalty_feature_lazy: ]
[cegb_penalty_feature_coupled: ]
[path_smooth: 0]
[interaction_constraints: ]
[verbosity: -1]
[saved_feature_importance_type: 0]
[use_quantized_grad: 0]
[num_grad_quant_bins: 4]
[quant_train_renew_leaf: 0]
[stochastic_rounding: 1]
[linear_tree: 0]
[max_bin: 255]
[max_bin_by_feature: ]
[min_data_in_bin: 3]
[bin_construct_sample_cnt: 200000]
[data_random_seed: 175]
[is_enable_sparse: 1]
[enable_bundle: 1]
[use_missing: 1]
[zero_as_missing: 0]
[feature_pre_filter: 1]
[pre_partition: 0]
[two_round: 0]
[header: 0]
[label_column: ]
[weight_column: ]
[group_column: ]
[ignore_column: ]
[categorical_feature: 12]
[forcedbins_filename: ]
[precise_float_parser: 0]
[parser_config_file: ]
[objective_seed: 16083]
[num_class: 1]
[is_unbalance: 0]
[scale_pos_weight: 1]
[sigmoid: 1]
[boost_from_average: 1]
[reg_sqrt: 0]
[alpha: 0.9]
[fair_c: 1]
[poisson_max_delta_step: 0.7]
[tweedie_variance_power: 1.5]
[lambdarank_truncation_level: 30]
[lambdarank_norm: 1]
[label_gain: ]
[lambdarank_position_bias_regularization: 0]
[eval_at: ]
[multi_error_top_k: 1]
[auc_mu_weights: ]
[num_machines: 1]
[local_listen_port: 12400]
[time_out: 120]
[machine_list_filename: ]
[machines: ]
[gpu_platform_id: -1]
[gpu_device_id: -1]
[gpu_use_dp: 0]
[num_gpu: 1]

end of parameters

pandas_categorical:null
