tree
version=v4
num_class=1
num_tree_per_iteration=1
label_index=0
max_feature_idx=12
objective=binary sigmoid:1
feature_names=lightgcn_score cooccurrence_score segment_popularity_score known_hobby_compatibility age_group_fit occupation_fit region_fit popularity_prior mismatch_penalty popularity_penalty novelty_bonus category_diversity_reward is_cold_start
feature_infos=none [0:1] none [0:0.43571427464485168] [0:0.8125] [0:0.6834532618522644] [0:0.66666668653488159] [0:1] [0:0.66666668653488159] [0:1] [0:1] none -1:1:0
tree_sizes=1030 1199 1079 983 978 1085 1083 1201 973 985 1195 1204 979 1198 1090 1085 1280 1196 1194 1091 1194 1086 1299 1184 1302 1300 1194 1304 1090 1198 1197 1202 1197 1310

Tree=0
num_leaves=9
num_cat=0
split_feature=1 1 1 7 1 6 4 6
split_gain=224.565 40.0139 17.2048 12.558 15.0045 2.42062 1.98502 1.80917
threshold=0.91010102629661571 0.36316065490245825 0.97752526402473461 0.036852322518825538 0.78835389018058788 0.057417582720518119 0.43369844555854803 0.15901102125644687
decision_type=2 2 2 2 2 2 2 2
left_child=1 6 -2 5 7 -3 -1 -5
right_child=2 3 -4 4 -6 -7 -8 -9
leaf_value=-1.4455809316812571 -1.2912580379836178 -1.3915835009546333 -1.1932457777437639 -1.3655105123613029 -1.3004918888021757 -1.4227265232805344 -1.4200281886241803 -1.3969434487428376
leaf_weight=50.079998880624771 8.1599998176097888 14.079999685287477 11.839999735355375 8.3199998140335136 7.9999998211860648 11.839999735355375 10.719999760389326 9.7599997818469983
leaf_count=313 51 88 74 52 50 74 67 61
internal_value=-1.38629 -1.41371 -1.23231 -1.38159 -1.35707 -1.40609 -1.44122 -1.38272
internal_weight=132.8 112.8 20 52 26.08 25.92 60.8 18.08
internal_count=830 705 125 325 163 162 380 113
is_linear=0
shrinkage=1


Tree=1
num_leaves=10
num_cat=0
split_feature=1 1 1 7 7 7 5 5 1
split_gain=188.282 40.1871 17.0305 10.5497 2.80246 1.27078 1.25148 1.17389 0.0742818
threshold=0.78835389018058788 0.9653061330318452 0.36316065490245825 0.036852322518825538 0.036852322518825538 0.018223971128463749 0.0044761905446648606 0.0080636474303901213 0.10783859342336656
decision_type=2 2 2 2 2 2 2 2 2
left_child=2 3 5 -2 6 8 -4 -6 -1
right_child=1 -3 4 -5 7 -7 -8 -9 -10
leaf_value=-0.060119633009766561 0.015400332767323267 0.16294137582500154 -0.0090669188516398838 0.083635596014789482 0.017744585045811157 -0.035452763636019034 -0.036201308465641124 -0.007588171051116044 -0.049439459056101621
leaf_weight=36.160382270812988 10.158980995416643 13.719337731599806 8.5618430227041262 13.486732542514799 8.0122906416654605 9.7785221934318525 9.9405615180730802 10.109189853072165 12.867420077323912
leaf_count=234 63 77 54 80 50 63 63 63 83
internal_value=-4.32932e-05 0.0949169 -0.0373371 0.0547183 -0.0103621 -0.0540058 -0.0240301 0.00337405 -0.0575247
internal_weight=132.795 37.3651 95.4302 23.6457 36.6239 58.8063 18.5024 18.1215 49.0278
internal_count=830 220 610 143 230 380 117 113 317
is_linear=0
shrinkage=0.05


Tree=2
num_leaves=9
num_cat=0
split_feature=1 1 1 9 9 6 4 6
split_gain=164.955 31.4218 16.4077 7.10507 2.58298 2.46949 2.02823 1.62778
threshold=0.78835389018058788 0.95736962556839 0.36316065490245825 0.6642865538597108 0.6642865538597108 0.044136472046375282 0.43369844555854803 0.15901102125644687
decision_type=2 2 2 2 2 2 2 2
left_child=2 3 6 -2 5 -4 -1 -6
right_child=1 -3 4 -5 7 -7 -8 -9
leaf_value=-0.05770641805928968 0.011021929359871511 0.13505331065469173 -0.0028029637191518664 0.069636787297138833 0.019347086986640963 -0.040311974909767567 -0.031305651672091858 -0.010383637292318226
leaf_weight=46.667149156332016 9.3990014791488665 17.700416460633278 8.5084366500377673 12.180271744728087 8.4370416849851626 9.728895887732504 10.197396770119665 9.723770394921301
leaf_count=313 58 93 54 69 52 63 67 61
internal_value=-0.000109023 0.0856752 -0.0363456 0.0445059 -0.00992354 -0.0231959 -0.0531231 0.00318499
internal_weight=132.542 39.2797 93.2627 21.5793 36.3981 18.2373 56.8645 18.1608
internal_count=830 220 610 127 230 117 380 113
is_linear=0
shrinkage=0.05


Tree=3
num_leaves=8
num_cat=0
split_feature=1 1 1 7 5 7 4
split_gain=145.626 25.2367 15.8069 7.33586 2.50775 2.24571 2.01626
threshold=0.78835389018058788 0.9653061330318452 0.36316065490245825 0.036852322518825538 0.0044761905446648606 0.039979510009288795 0.43369844555854803
decision_type=2 2 2 2 2 2 2
left_child=2 3 6 -2 -4 -6 -1
right_child=1 -3 4 -5 5 -7 -8
leaf_value=-0.056952416974988665 0.01326181787622021 0.12752483500848741 0.0055247209462227047 0.06891040719647043 -0.037010095839433862 -0.0035792510934406574 -0.030357995494991394
leaf_weight=44.965246483683586 10.378011599183084 15.829120770096777 15.388028725981711 14.727189958095549 10.526382759213449 10.263397470116614 9.9981956481933576
leaf_count=313 63 77 97 80 69 64 67
internal_value=-0.000157984 0.0780338 -0.0353781 0.0462486 -0.0095047 -0.0208416 -0.0522694
internal_weight=132.076 40.9343 91.1413 25.1052 36.1778 20.7898 54.9634
internal_count=830 220 610 143 230 133 380
is_linear=0
shrinkage=0.05


Tree=4
num_leaves=8
num_cat=0
split_feature=1 1 1 4 5 10 4
split_gain=129.367 21.0273 15.2364 5.12131 2.3057 2.10846 2.00709
threshold=0.78835389018058788 0.95736962556839 0.36316065490245825 0.35192480683326727 0.0044761905446648606 0.32745434343814855 0.43369844555854803
decision_type=2 2 2 2 2 2 2
left_child=2 3 6 -2 -4 -6 -1
right_child=1 -3 4 -5 5 -7 -8
leaf_value=-0.056234402841867828 0.066314525432180402 0.10938896860987646 0.0052324586757906523 0.017297968975366864 -0.0034094367550169744 -0.036019735919213092 -0.02942970342272716
leaf_weight=43.305788844823837 9.409306541085245 19.729322791099548 15.439387038350104 13.209800213575361 10.24141448736191 10.283996716141699 9.8060016036033613
leaf_count=313 53 93 97 74 64 69 67
internal_value=-0.000193579 0.0716151 -0.0344306 0.0381106 -0.00909413 -0.0200863 -0.051444
internal_weight=131.425 42.3484 89.0766 22.6191 35.9648 20.5254 53.1118
internal_count=830 220 610 127 230 133 380
is_linear=0
shrinkage=0.05


Tree=5
num_leaves=9
num_cat=0
split_feature=1 1 1 7 6 1 6 1
split_gain=115.418 17.7882 14.6866 6.08006 2.37319 2.24105 1.71424 0.0552495
threshold=0.78835389018058788 0.9653061330318452 0.36316065490245825 0.036852322518825538 0.15232906490564349 0.63683935999870311 0.20741260796785357 0.10783859342336656
decision_type=2 2 2 2 2 2 2 2
left_child=2 3 6 -2 5 -4 7 -1
right_child=1 -3 4 -5 -6 -7 -8 -9
leaf_value=-0.05750981707560246 0.0099557392685204991 0.10555445219110726 0.015005730608286858 0.059542958649234624 -0.024015720924870095 -0.018320720341823912 -0.027464108666633888 -0.047052131668247177
leaf_weight=30.793680667877197 10.727879449725153 17.284062758088112 12.900985613465311 15.583460494875906 14.761635184288023 8.0954224616289121 7.9585637152194968 12.559105828404425
leaf_count=230 63 77 83 80 96 51 58 92
internal_value=-0.000221882 0.066062 -0.0335051 0.0396284 -0.00870013 0.00189337 -0.0506435 -0.0547106
internal_weight=130.665 43.5954 87.0694 26.3113 35.758 20.9964 51.3114 43.3528
internal_count=830 220 610 143 230 134 380 322
is_linear=0
shrinkage=0.05


Tree=6
num_leaves=9
num_cat=0
split_feature=1 1 1 4 7 6 4 6
split_gain=103.434 15.3365 14.1603 4.35681 2.27849 2.20389 2.06911 1.39839
threshold=0.78835389018058788 0.95736962556839 0.36316065490245825 0.35384629666805273 0.036852322518825538 0.044136472046375282 0.43369844555854803 0.15901102125644687
decision_type=2 2 2 2 2 2 2 2
left_child=2 3 6 -2 5 -4 -1 -6
right_child=1 -3 4 -5 7 -7 -8 -9
leaf_value=-0.054939062558223256 0.057104692831651871 0.092263273964823922 -0.0019321878551708819 0.013095620299001349 0.018793851672757517 -0.037977424159487468 -0.027128056886475477 -0.008817832899403702
leaf_weight=40.231034681200981 10.401549383997919 21.132493808865547 8.4101961851120013 13.098923251032828 8.4814620614051837 9.1631140857934934 9.3429447710514051 9.5136019885539991
leaf_count=313 56 93 54 71 52 63 67 61
internal_value=-0.000247373 0.0612862 -0.032597 0.0329458 -0.00831899 -0.0211184 -0.0498635 0.00395177
internal_weight=129.775 44.633 85.1424 23.5005 35.5684 17.5733 49.574 17.9951
internal_count=830 220 610 127 230 117 380 113
is_linear=0
shrinkage=0.05


Tree=7
num_leaves=10
num_cat=0
split_feature=7 7 7 7 10 10 10 7 3
split_gain=63.6066 12.2208 8.21284 6.64533 2.87923 2.71505 1.42867 2.24439 2.22896
threshold=0.091119859367609038 0.0010244244185741993 0.0029923977563157682 0.23987706750631335 0.33239749073982244 0.19752271473407748 0.47030495107173925 0.01620208099484444 0.016883843578398231
decision_type=2 2 2 2 2 2 2 2 2
left_child=1 -1 -3 5 -4 -2 7 -6 -9
right_child=3 2 4 -5 6 -7 -8 8 -10
leaf_value=-0.051647306394836036 0.0092204960646219605 0.034029741701631887 0.0037556405914190949 0.071942757938319474 -0.00020696362327896485 0.043296643424386889 -0.043310407470908918 -0.010983534700890746 -0.048306431040830849
leaf_weight=29.815189406275749 9.4038890004158038 8.1787865385413152 9.7359239161014539 17.581750258803368 9.6979021131992358 17.765828847885132 9.6524820104241353 8.1475939303636569 8.8291237279772741
leaf_count=238 55 46 63 84 62 92 71 57 62
internal_value=-0.000267419 -0.0259361 -0.0116424 0.0477852 -0.0199162 0.0317627 -0.0263906 -0.0199424 -0.0308562
internal_weight=128.808 84.057 54.2418 44.7515 46.063 27.1697 36.3271 26.6746 16.9767
internal_count=830 599 361 231 315 147 252 181 119
is_linear=0
shrinkage=0.05


Tree=8
num_leaves=8
num_cat=0
split_feature=1 1 1 7 6 1 4
split_gain=86.7278 13.1034 12.5228 4.48306 2.16494 2.1499 2.07543
threshold=0.78835389018058788 0.36316065490245825 0.9653061330318452 0.036852322518825538 0.15232906490564349 0.63683935999870311 0.43369844555854803
decision_type=2 2 2 2 2 2 2
left_child=1 6 3 -2 5 -3 -1
right_child=2 4 -4 -5 -6 -7 -8
leaf_value=-0.053861828931282031 0.0073215929478806525 0.014884971155684207 0.086478790976522141 0.049105079839456396 -0.022842870413404784 -0.017831329652308266 -0.02550862248426395
leaf_weight=37.60415057092905 11.006400227546694 12.905307382345201 18.472217306494713 16.577427834272385 14.43964473903179 8.0267376005649549 9.0277089923620206
leaf_count=313 63 83 77 80 96 51 67
internal_value=-0.000278856 -0.0311449 0.0545187 0.0327001 -0.007991 0.0020765 -0.0485461
internal_weight=128.06 82.0035 46.056 27.5838 35.3717 20.932 46.6319
internal_count=830 610 220 143 230 134 380
is_linear=0
shrinkage=0.05


Tree=9
num_leaves=8
num_cat=0
split_feature=1 1 1 7 5 4 6
split_gain=78.2917 12.6292 11.0742 3.89757 2.12976 2.06943 1.82808
threshold=0.78835389018058788 0.36316065490245825 0.9653061330318452 0.036852322518825538 0.0044761905446648606 0.43369844555854803 0.15232906490564349
decision_type=2 2 2 2 2 2 2
left_child=1 5 3 -2 -3 -1 -6
right_child=2 4 -4 -5 6 -7 -8
leaf_value=-0.053267182058103407 0.0069307525974371528 0.0061504562040469186 0.08088371958843929 0.045737441609040232 -0.0048751844283330924 -0.024679029473069769 -0.03608302346400119
leaf_weight=36.160486742854118 11.050204619765283 15.266382068395613 18.761424332857132 16.906600877642632 11.506146535277368 8.8720089197158796 8.4230959415435773
leaf_count=313 63 97 77 80 75 67 58
internal_value=-0.000289858 -0.0302824 0.0510634 0.0306563 -0.00763865 -0.0478129 -0.0184291
internal_weight=126.946 80.2281 46.7182 27.9568 35.1956 45.0325 19.9292
internal_count=830 610 220 143 230 380 133
is_linear=0
shrinkage=0.05


Tree=10
num_leaves=10
num_cat=0
split_feature=1 1 1 3 5 7 10 3 1
split_gain=70.8169 12.1654 10.0541 2.84617 1.96745 1.51689 1.5137 1.12722 0.207052
threshold=0.78835389018058788 0.36316065490245825 0.91010102629661571 0.014975369442254307 0.0061264194082468757 0.018223971128463749 0.32745434343814855 0.017890722490847114 0.10783859342336656
decision_type=2 2 2 2 2 2 2 2 2
left_child=1 5 -2 -4 7 8 -6 -3 -1
right_child=2 4 3 -5 6 -7 -8 -9 -10
leaf_value=-0.055009779186654742 0.018403916594602124 -0.0072093025256078098 0.086371561629950036 0.052152158533288501 -0.0035391530127033277 -0.025220952489542467 -0.032548255423355148 0.018765488850693627 -0.041525830595535357
leaf_weight=26.025036491453648 18.286689504981041 8.2955221235752123 11.626131802797319 17.355551555752754 9.4547421038150805 7.7464921474456778 9.3523382842540723 7.9203141778707495 9.7153058201074582
leaf_count=234 95 53 50 75 60 63 67 50 83
internal_value=-0.0002985 -0.029438 0.0479547 0.0663011 -0.00730274 -0.0470926 -0.018325 0.00520839 -0.05161
internal_weight=125.778 78.5098 47.2684 28.9817 35.0229 43.4868 18.8071 16.2158 35.7403
internal_count=830 610 220 125 230 380 127 103 317
is_linear=0
shrinkage=0.05


Tree=11
num_leaves=10
num_cat=0
split_feature=1 1 1 7 7 7 5 5 1
split_gain=64.1113 11.7093 9.2863 3.62706 1.84958 1.51161 0.852087 0.750124 0.219886
threshold=0.78835389018058788 0.36316065490245825 0.97752526402473461 0.036852322518825538 0.036852322518825538 0.018223971128463749 0.0080636474303901213 0.0044761905446648606 0.10783859342336656
decision_type=2 2 2 2 2 2 2 2 2
left_child=1 5 3 -2 7 8 -6 -3 -1
right_child=2 4 -4 -5 6 -7 -8 -9 -10
leaf_value=-0.054521585537044774 0.0051782240478708804 -0.0072768624341089235 0.073065046845976631 0.041548039617101115 0.015958423487637791 -0.024417238143381037 -0.0055833463480429923 -0.029443000617169032 -0.040707995447096287
leaf_weight=24.972715444862843 11.774716898798944 8.3468311578035372 18.368246480822563 17.65389284491539 8.1499484479427355 7.6082673594355574 9.8314857929944974 8.5266480371355993 9.4244135916233045
leaf_count=234 65 54 74 81 50 63 63 63 83
internal_value=-0.000310054 -0.0286147 0.0450659 0.0272322 -0.00698773 -0.0463821 0.00393803 -0.0188801 -0.0510107
internal_weight=124.657 76.8603 47.7969 29.4286 34.8549 42.0054 17.9814 16.8735 34.3971
internal_count=830 610 220 146 230 380 113 117 317
is_linear=0
shrinkage=0.05


Tree=12
num_leaves=8
num_cat=0
split_feature=1 1 1 4 4 6 1
split_gain=58.1728 11.2647 8.44769 3.74237 2.20111 1.93987 2.02496
threshold=0.78835389018058788 0.36316065490245825 0.95736962556839 0.35384629666805273 0.43369844555854803 0.15232906490564349 0.63683935999870311
decision_type=2 2 2 2 2 2 2
left_child=1 4 3 -2 -1 6 -3
right_child=2 5 -4 -5 -6 -7 -8
leaf_value=-0.051688050957561953 0.043545078952950358 0.015217569637601132 0.064614487521295491 0.0044789345648278316 -0.0212188278626451 -0.021062161828313549 -0.016714856154432058
leaf_weight=32.323604419827461 11.277865946292879 12.847122818231584 22.842514201998711 14.049063965678213 8.2527437433600408 13.965013884007929 7.8794386386871329
leaf_count=313 56 83 93 71 67 96 51
internal_value=-0.000319723 -0.0278068 0.0424957 0.0221742 -0.0456813 -0.00668527 0.00281605
internal_weight=123.437 75.2679 48.1694 25.3269 40.5763 34.6916 20.7266
internal_count=830 610 220 127 380 230 134
is_linear=0
shrinkage=0.05


Tree=13
num_leaves=10
num_cat=0
split_feature=1 1 1 7 6 7 6 6 1
split_gain=52.8026 10.8357 7.79931 3.21224 2.07975 1.78691 1.97752 1.05052 0.143217
threshold=0.78835389018058788 0.36316065490245825 0.97752526402473461 0.036852322518825538 0.20741260796785357 0.036852322518825538 0.044136472046375282 0.15901102125644687 0.10783859342336656
decision_type=2 2 2 2 2 2 2 2 2
left_child=1 4 3 -2 8 6 -3 -7 -1
right_child=2 5 -4 -5 -6 7 -8 -9 -10
leaf_value=-0.05370484862166891 0.0033716702600958557 -1.7819361738083969e-05 0.065745669789469136 0.03726561567983918 -0.017383407104281184 0.016991284947267905 -0.035000951429146172 -0.0069268922469589468 -0.041103275411603281
leaf_weight=22.836540348827839 11.967032387852671 8.1991067975759524 18.492979317903519 18.046462282538414 6.4192257672548285 8.6243194192647952 8.4567226320505124 9.2618978768587095 9.9339955896139127
leaf_count=230 65 54 74 81 58 52 63 61 92
internal_value=-0.000322709 -0.0270048 0.0401044 0.0239735 -0.0449878 -0.00638683 -0.0181812 0.00435826 -0.0501736
internal_weight=122.238 73.7318 48.5065 30.0135 39.1898 34.542 16.6558 17.8862 32.7705
internal_count=830 610 220 146 380 230 117 113 322
is_linear=0
shrinkage=0.05


Tree=14
num_leaves=9
num_cat=0
split_feature=1 1 1 3 4 4 3 1
split_gain=48.0166 10.4089 7.22373 2.54091 2.26026 1.79057 4.21521 0.0259533
threshold=0.78835389018058788 0.36316065490245825 0.91010102629661571 0.014975369442254307 0.43369844555854803 0.43709889054298406 0.016275659203529361 0.14589665830135348
decision_type=2 2 2 2 2 2 2 2
left_child=1 4 -2 -4 7 6 -3 -1
right_child=2 5 3 -5 -6 -7 -8 -9
leaf_value=-0.053268999766999198 0.013360357197990093 -0.034975570012899374 0.071871667086066487 0.040324402285491119 -0.019155063886649074 0.012091896818087651 0.0058058755082156504 -0.040971132495284508
leaf_weight=22.902524910867218 18.959674254059792 11.720607928931715 11.921589180827143 17.855241000652313 7.9098456725478163 9.4274252578616125 13.239123672246931 7.0539498701691619
leaf_count=243 95 79 50 75 67 63 88 70
internal_value=-0.000329908 -0.0262273 0.0379366 0.0533204 -0.0442986 -0.00611191 -0.0132079 -0.0506855
internal_weight=120.99 72.2535 48.7365 29.7768 37.8663 34.3872 24.9597 29.9565
internal_count=830 610 220 125 380 230 167 313
is_linear=0
shrinkage=0.05


Tree=15
num_leaves=9
num_cat=0
split_feature=1 1 1 9 4 6 1 1
split_gain=43.6485 10.0095 6.7807 2.8457 2.24527 1.70878 1.92109 0.0363804
threshold=0.78835389018058788 0.36316065490245825 0.97752526402473461 0.6642865538597108 0.43369844555854803 0.15232906490564349 0.63683935999870311 0.14589665830135348
decision_type=2 2 2 2 2 2 2 2
left_child=1 4 3 -2 7 6 -3 -1
right_child=2 5 -4 -5 -6 -7 -8 -9
leaf_value=-0.052851065358205995 0.0017799468812924922 0.015070017902372624 0.059895560516981361 0.033412392253153525 -0.018468320297258117 -0.019573759470319065 -0.016115693552747067 -0.040224180090565415
leaf_weight=21.954255878925327 12.134816423058512 12.855793058872225 18.455222651362419 18.390251502394676 7.8003359064459792 13.593750812113283 7.798480011522769 6.8331914395093909
leaf_count=243 65 83 74 81 67 96 51 70
internal_value=-0.000329448 -0.0254521 0.0358791 0.0210475 -0.0436216 -0.00582519 0.00303333 -0.0501766
internal_weight=119.816 70.8358 48.9803 30.5251 36.5878 34.248 20.6543 28.7874
internal_count=830 610 220 146 380 230 134 313
is_linear=0
shrinkage=0.05


Tree=16
num_leaves=11
num_cat=0
split_feature=10 7 7 7 6 6 7 10 7 6
split_gain=29.8515 6.31534 5.45761 4.17631 2.09712 3.56603 2.10324 1.06484 1.57224 1.31417
threshold=0.33239749073982244 0.0010244244185741993 0.0029923977563157682 0.23987706750631335 0.24142665416002276 0.036114118993282325 0.12524936348199847 0.47030495107173925 0.01620208099484444 0.055428570136427886
decision_type=2 2 2 2 2 2 2 2 2 2
left_child=3 -2 -3 4 5 -1 -7 8 -4 -10
right_child=1 2 7 -5 -6 6 -8 -9 9 -11
leaf_value=0.034021285907608632 -0.046154290873679754 0.02306987927280868 0 0.045469783898067544 0.035745947208692466 -0.020650406690225137 0.012927014856466999 -0.038049725621124436 -0.043325177555721676 -0.012229753180336596
leaf_weight=9.1712075546383875 21.474030368030071 8.3843645080924016 9.5027961432933825 18.657766193151474 10.046681664884089 9.2802175208926219 9.04307823628187 7.9866594672203055 6.4673792719840995 8.5597008317708951
leaf_count=51 238 46 62 84 56 54 49 71 50 69
internal_value=-0.000332077 -0.0241686 -0.0124191 0.026031 0.0161421 0.00869397 -0.00382736 -0.0217659 -0.0161281 -0.0261411
internal_weight=118.574 62.3749 40.9009 56.199 37.5412 27.4945 18.3233 32.5165 24.5299 15.0271
internal_count=830 536 298 294 210 154 103 252 181 119
is_linear=0
shrinkage=0.05


Tree=17
num_leaves=10
num_cat=0
split_feature=1 1 3 1 3 4 6 1 10
split_gain=38.0362 11.1544 4.64163 4.23665 2.33869 1.27381 2.1701 5.68549 1.22786
threshold=0.57460319995880138 0.91010102629661571 0.055791787803173072 0.083369515836238875 0.014975369442254307 0.43369844555854803 0.094127114862203612 0.37414966523647314 0.33239749073982244
decision_type=2 2 2 2 2 2 2 2 2
left_child=3 2 8 -1 -3 6 7 -5 -2
right_child=1 4 -4 5 -6 -7 -8 -9 -10
leaf_value=-0.050282800071491232 0.0046606228384059555 0.064559507321625451 0.037079806368789575 -0.046838103855184422 0.034489954611676983 -0.0042566308992821461 -0.050129159197434152 0.020077817127363951 -0.016058350688234729
leaf_weight=21.521146565675735 16.809927031397823 11.929320663213732 8.9585389569401723 6.4354185685515457 17.979438915848732 9.1526477038860303 6.949023336172103 5.9684915542602539 12.029659204185007
leaf_count=249 91 50 50 69 75 71 58 38 79
internal_value=-0.000331821 0.0240401 0.00580286 -0.033399 0.0468252 -0.0203461 -0.0276373 -0.0143367 -0.00383459
internal_weight=117.734 67.7069 37.7981 50.0267 29.9088 28.5056 19.3529 12.4039 28.8396
internal_count=830 345 220 485 125 236 165 107 170
is_linear=0
shrinkage=0.05


Tree=18
num_leaves=10
num_cat=0
split_feature=1 1 1 3 4 4 6 1 10
split_gain=34.9266 10.069 4.17087 4.11302 2.31269 1.19978 2.08789 5.31784 1.12052
threshold=0.57460319995880138 0.91010102629661571 0.083369515836238875 0.055791787803173072 0.39991511404514318 0.43369844555854803 0.094127114862203612 0.37414966523647314 0.33239749073982244
decision_type=2 2 2 2 2 2 2 2 2
left_child=2 3 -1 8 -3 6 7 -4 -2
right_child=1 4 5 -5 -6 -7 -8 -9 -10
leaf_value=-0.04980915561852553 0.0044193459782363668 0.056148646473006041 -0.04622372805871966 0.03461584170481119 0.026404680535909126 -0.0040580834997981574 -0.049406003611674618 0.018860350743830089 -0.015415081240386522
leaf_weight=20.662241794168949 16.845804616808895 17.873480081558231 6.2021697983145767 9.1192080825567228 12.073144614696501 9.1260230392217618 6.7058504894375792 6.0406148880720139 11.912302643060682
leaf_count=249 91 74 69 50 51 71 58 38 79
internal_value=-0.000333199 0.0228118 -0.0326256 0.00549932 0.0444514 -0.0196696 -0.0268652 -0.0138134 -0.00364824
internal_weight=116.561 67.8239 48.7369 37.8773 29.9466 28.0747 18.9486 12.2428 28.7581
internal_count=830 345 485 220 125 236 165 107 170
is_linear=0
shrinkage=0.05


Tree=19
num_leaves=9
num_cat=0
split_feature=1 1 1 3 3 10 6 10
split_gain=32.0815 9.10312 4.1021 3.65089 2.15378 1.19418 1.15196 1.02228
threshold=0.57460319995880138 0.91010102629661571 0.083369515836238875 0.055791787803173072 0.014975369442254307 0.40721274912357336 0.029849733226001266 0.33239749073982244
decision_type=2 2 2 2 2 2 2 2
left_child=2 3 -1 7 -3 -4 -7 -2
right_child=1 4 5 -5 -6 6 -8 -9
leaf_value=-0.04934177273778461 0.0041910598466572456 0.059254854345839297 -0.0067055460679360307 0.032368434404107575 0.030479973354109759 -0.010922931269100079 -0.040076469426809806 -0.014792828533882302
leaf_weight=19.836945787072182 16.879773750901226 11.903677240014078 12.216417402029039 9.267720587551592 18.05022819340229 6.4763192012906066 8.9650577306747419 11.799855552613733
leaf_count=249 91 50 93 50 75 62 81 79
internal_value=-0.000334184 0.0216591 -0.0318615 0.00521322 0.0422406 -0.0190115 -0.0283198 -0.00347014
internal_weight=115.396 67.9013 47.4947 37.9473 29.9539 27.6578 15.4414 28.6796
internal_count=830 345 485 220 125 236 143 170
is_linear=0
shrinkage=0.05


Tree=20
num_leaves=10
num_cat=0
split_feature=1 1 1 7 6 6 4 6 1
split_gain=29.4597 8.43438 4.04112 2.44949 3.54562 1.48853 1.1649 2.02928 5.04469
threshold=0.57460319995880138 0.9653061330318452 0.083369515836238875 0.036852322518825538 0.22271825373172763 0.057417582720518119 0.43369844555854803 0.094127114862203612 0.37414966523647314
decision_type=2 2 2 2 2 2 2 2 2
left_child=2 3 -1 5 -5 -2 7 8 -4
right_child=1 -3 6 4 -6 -7 -8 -9 -10
leaf_value=-0.048879421086931954 0.0083428772507656065 0.049074978106506295 -0.045415312865953232 0.0057928895747133878 0.042369118309218606 -0.019341182741916686 -0.0028865858088646737 -0.048436958975568684 0.018738013242407012
leaf_weight=19.044406555593014 10.260463878512384 18.760287433862686 5.9050351902842575 19.902643591165546 10.174230381846426 8.8472001552581769 8.9656130000948888 6.3757649511098853 6.0453335642814636
leaf_count=249 63 77 69 99 51 55 71 58 38
internal_value=-0.000332518 0.0205767 -0.0310786 0.00952773 0.0184308 -0.004249 -0.0183414 -0.0255743 -0.012661
internal_weight=114.281 67.9448 46.3362 49.1845 30.0769 19.1077 27.2917 18.3261 11.9504
internal_count=830 345 485 268 150 118 236 165 107
is_linear=0
shrinkage=0.05


Tree=21
num_leaves=9
num_cat=0
split_feature=7 7 7 7 4 3 4 3
split_gain=19.7076 5.22806 3.89395 3.18603 1.64444 3.57672 0.968 1.51535
threshold=0.036852322518825538 0.0010244244185741993 0.0029923977563157682 0.23987706750631335 0.43369844555854803 0.024724581278860572 0.32113002240657812 0.026076017878949646
decision_type=2 2 2 2 2 2 2 2
left_child=1 -1 -3 4 5 -2 -4 -8
right_child=3 2 6 -5 -6 -7 7 -9
leaf_value=-0.043415704894334606 -0.014462862540790631 0.019228053059412446 -0.0064648363477807355 0.037683561123193543 0.029567771811592699 0.021299373380359032 -0.012460675947010585 -0.0416648189289682
leaf_weight=18.029374085366726 12.210004642605783 8.3400164619088155 11.055943906307222 18.426365248858929 9.8827270492911321 15.861195504665373 10.782209210097792 8.5478049740195257
leaf_count=238 70 46 91 84 57 85 90 69
internal_value=-0.000332164 -0.0211562 -0.0105791 0.0205422 0.0120117 0.00557043 -0.0189605 -0.0257802
internal_weight=113.136 56.7553 38.726 56.3803 37.9539 28.0712 30.386 19.33
internal_count=830 534 296 296 212 155 250 159
is_linear=0
shrinkage=0.05


Tree=22
num_leaves=11
num_cat=0
split_feature=10 9 9 6 6 5 10 9 6 8
split_gain=18.2821 4.96418 3.6049 2.98166 3.39735 1.72456 0.981305 1.23369 2.89306 0.666492
threshold=0.33239749073982244 0.30365468561649328 0.40999510884284979 0.22271825373172763 0.081219512969255461 0.0041790837422013291 0.47030495107173925 0.58082056045532238 0.054641822353005416 0.32716223597526556
decision_type=2 2 2 2 2 2 2 2 2 2
left_child=3 -2 -3 4 5 -1 7 -4 -9 -5
right_child=1 2 6 9 -6 -7 -8 8 -10 -11
leaf_value=0.0022256137494608128 -0.04278967594072982 0.018164913665323523 0.00056248468933816536 0.045886673458545191 -0.013019823330936157 0.029809189984470415 -0.035043233765294626 -0.049101403527672782 -0.0021945235881963856 0.025173134083639886
leaf_weight=9.0446666851639765 17.396093524992466 8.3912222832441312 9.2683959603309685 9.364765830338003 10.268979758024214 17.262317359447479 7.1412193700671187 5.7946112528443319 7.9935262724757195 10.462365344166754
leaf_count=46 238 46 62 47 59 88 71 49 70 54
internal_value=-0.000328833 -0.0205953 -0.0103761 0.0196998 0.0109856 0.0205593 -0.0185057 -0.0130385 -0.0224793 0.0353887
internal_weight=112.388 55.9851 38.589 56.4031 36.576 26.307 30.1978 23.0565 13.7881 19.8271
internal_count=830 536 298 294 193 134 252 181 119 101
is_linear=0
shrinkage=0.05


Tree=23
num_leaves=10
num_cat=0
split_feature=1 1 1 4 4 4 4 6 1
split_gain=24.4145 7.2512 3.80073 2.47098 4.74803 2.81323 1.12569 2.10827 4.55965
threshold=0.57460319995880138 0.95736962556839 0.083369515836238875 0.35192480683326727 0.21028887480497363 0.43976366519927984 0.43369844555854803 0.094127114862203612 0.37414966523647314
decision_type=2 2 2 2 2 2 2 2 2
left_child=2 3 -1 4 -2 -5 7 8 -4
right_child=1 -3 6 5 -6 -7 -8 -9 -10
leaf_value=-0.047817770284391624 -0.0073773105517706168 0.041721924707325581 -0.044126876186693892 -0.021726392944787884 0.039971025139410969 0.01200729231937769 -0.0018967326644885386 -0.047975754301960896 0.01806490707148908
leaf_weight=17.25994785130024 9.1118330061435717 22.32904639840126 5.4445431306958252 11.62458184361458 11.972519122064112 12.821988314390181 8.8180661201477033 6.1888951659202567 6.0753151699900627
leaf_count=249 54 93 69 64 63 71 71 58 38
internal_value=-0.000322604 0.018405 -0.029436 0.00679403 0.0193347 -0.00385287 -0.0171533 -0.0244162 -0.0110248
internal_weight=111.647 67.86 43.7868 45.5309 21.0844 24.4466 26.5268 17.7088 11.5199
internal_count=830 345 485 252 117 135 236 165 107
is_linear=0
shrinkage=0.05


Tree=24
num_leaves=11
num_cat=0
split_feature=1 1 1 3 1 1 3 10 6 3
split_gain=22.4297 6.75278 3.72355 3.38574 2.40472 1.54036 1.27661 2.68119 2.79862 1.16091
threshold=0.57460319995880138 0.97752526402473461 0.083369515836238875 0.062021316960453994 0.88472145795822155 0.80221450328826915 0.032988905906677253 0.38442796468734747 0.029849733226001266 0.012094866950064899
decision_type=2 2 2 2 2 2 2 2 2 2
left_child=2 3 -1 4 5 9 7 -4 -9 -2
right_child=1 -3 6 -5 -6 -7 -8 8 -10 -11
leaf_value=-0.047362813935880231 -0.0088693289053546325 0.044189588333994563 0.020157964992398244 0.033243111209761061 0.020267981097104919 -0.021305782542199267 -0.03145813799678495 0.0017284495827565164 -0.046936493127450192 0.016896477584491389
leaf_weight=16.572854608297348 9.5402622073888832 17.530756324529648 5.4829674363136354 10.440041430294512 11.715355917811392 10.838028788566588 9.3544515743851644 5.7789697051048261 5.5527058020234108 7.7734597027301779
leaf_count=249 65 74 42 52 53 54 82 60 52 47
internal_value=-0.000327678 0.017493 -0.0287034 0.00802158 0.00122504 -0.0065664 -0.0165607 -0.00784027 -0.0218828 0.00244239
internal_weight=110.58 67.8379 42.7419 50.3071 39.8671 28.1518 26.1691 16.8146 11.3317 17.3137
internal_count=830 345 485 271 219 166 236 154 112 112
is_linear=0
shrinkage=0.05


Tree=25
num_leaves=11
num_cat=0
split_feature=1 1 1 3 1 1 3 10 3 1
split_gain=20.5943 6.21767 3.6565 3.0126 2.16477 1.40533 1.19921 2.44391 1.04363 0.706963
threshold=0.57460319995880138 0.97752526402473461 0.083369515836238875 0.062021316960453994 0.88472145795822155 0.80221450328826915 0.032988905906677253 0.38442796468734747 0.012094866950064899 0.37414966523647314
decision_type=2 2 2 2 2 2 2 2 2 2
left_child=2 3 -1 4 5 8 7 -4 -2 -9
right_child=1 -3 6 -5 -6 -7 -8 9 -10 -11
leaf_value=-0.046908394445351706 -0.008477887810606731 0.042438528057485943 0.018915362121261978 0.031234636359277469 0.01916367303026751 -0.020424806582321958 -0.030582082243977834 -0.034472662404437256 0.015916780639306349 -0.0077689089296581904
leaf_weight=15.914412170648573 9.4877100214362198 17.350156009197235 5.5556355938315454 10.55904760211706 11.775106951594351 10.74691094458103 9.1494453847408277 5.3179216086864454 7.8436219543218604 5.8311641588807106
leaf_count=249 65 74 42 52 53 54 82 69 47 43
internal_value=-0.000321804 0.0166464 -0.0279433 0.00760426 0.0011558 -0.00625989 -0.0159411 -0.00749018 0.00230352 -0.0211438
internal_weight=109.531 67.7626 41.7686 50.4124 39.8533 28.0782 25.8542 16.7047 17.3313 11.1491
internal_count=830 345 485 271 219 166 236 154 112 112
is_linear=0
shrinkage=0.05


Tree=26
num_leaves=10
num_cat=0
split_feature=1 1 7 8 6 5 6 5 6
split_gain=19.0849 6.0846 3.59853 1.92552 1.85114 2.35877 1.82572 1.82045 1.35734
threshold=0.78835389018058788 0.083369515836238875 0.23987706750631335 0.33105255663394934 0.15232906490564349 0.20379784703254702 0.050868857651948936 0.3342240601778031 0.13949601352214816
decision_type=2 2 2 2 2 2 2 2 2
left_child=1 -1 6 4 5 -3 -2 -8 -5
right_child=2 3 -4 8 -6 -7 7 -9 -10
leaf_value=-0.046453651847658206 0.029415654199456211 -0.032072242223658225 0.042730323695727108 -0.0092736419907535495 -0.036350663440344565 0.0063733598824666313 -0.0098653637336894584 0.018902366395843063 0.017622790902033201
leaf_weight=15.283681999891995 11.388878151774405 6.258279971778399 15.627324372529982 10.541163019835951 9.3675013259053213 10.253083311021326 10.752488166093828 10.838685840368269 8.1864331811666471
leaf_count=249 52 67 67 77 81 75 50 51 61
internal_value=-0.000319353 -0.0192427 0.0228854 -0.00972438 -0.018557 -0.00800298 0.0132302 0.00436598 0.00224924
internal_weight=108.498 59.8901 48.6074 44.6065 25.8789 16.5114 32.9801 21.5912 18.7276
internal_count=830 610 220 361 223 142 153 101 138
is_linear=0
shrinkage=0.05


Tree=27
num_leaves=11
num_cat=0
split_feature=1 1 1 3 1 3 7 6 1 8
split_gain=17.3965 5.504 3.50081 2.64944 1.90084 1.14536 2.23405 2.81049 1.05071 0.978783
threshold=0.57460319995880138 0.97752526402473461 0.083369515836238875 0.062021316960453994 0.90352505445480358 0.032988905906677253 0.022860839962959293 0.029849733226001266 0.80221450328826915 1.0000000180025095e-35
decision_type=2 2 2 2 2 2 2 2 2 2
left_child=2 3 -1 4 8 6 7 -4 9 -2
right_child=1 -3 5 -5 -6 -7 -8 -9 -10 -11
leaf_value=-0.045997764439869734 0.015044772300881729 0.039660518831926526 0.004034011110995806 0.028670298958826786 0.019580217644562876 -0.029359107138071178 0.018526568812049046 -0.045875509764147795 -0.016473273436565915 -0.0085321076083888087
leaf_weight=14.679727293550966 8.0834477618336731 17.018133997917175 5.5790590420365387 10.67997609823942 9.9099175333976728 8.8651809021830541 5.5774223133921614 5.2557269781827927 12.688585415482519 9.2357128635048849
leaf_count=249 53 74 60 52 43 82 42 52 64 59
internal_value=-0.000314636 0.0150891 -0.0264784 0.00666415 0.00059452 -0.014809 -0.00651664 -0.0199169 -0.00555356 0.00220819
internal_weight=107.573 67.6158 39.9571 50.5976 39.9177 25.2774 16.4122 10.8348 30.0077 17.3192
internal_count=830 345 485 271 219 236 154 112 176 112
is_linear=0
shrinkage=0.05


Tree=28
num_leaves=9
num_cat=0
split_feature=1 1 7 4 4 1 1 5
split_gain=16.1534 5.61919 3.19565 2.1665 2.11303 2.01013 1.19413 1.04358
threshold=0.78835389018058788 0.083369515836238875 0.23987706750631335 0.35384629666805273 0.43369844555854803 0.37414966523647314 0.59353742003440868 0.0068422926124185332
decision_type=2 2 2 2 2 2 2 2
left_child=1 -1 3 -2 5 -3 -7 -6
right_child=2 4 -4 -5 7 6 -8 -9
leaf_value=-0.045539963895523408 0.026077785761697753 -0.039670921044727747 0.039828245406440629 6.8549471651376101e-05 0.019739570037398003 0.0025829062215325074 -0.019905729161819999 -0.0069902168376193528
leaf_weight=14.101619601249693 14.74799796938896 7.2147842720150974 15.424048855900763 18.222315564751625 7.313113220036028 10.881458424031736 11.924400366842745 6.7624736949801445
leaf_count=249 68 97 67 85 53 78 79 54
internal_value=-0.000307425 -0.0180891 0.0209664 0.0118976 -0.0091142 -0.0166389 -0.00899291 0.00658608
internal_weight=106.592 58.1978 48.3944 32.9703 44.0962 30.0206 22.8059 14.0756
internal_count=830 610 220 153 361 254 157 107
is_linear=0
shrinkage=0.05


Tree=29
num_leaves=10
num_cat=0
split_feature=1 1 1 3 3 3 6 6 10
split_gain=14.851 4.80418 3.29986 2.33544 1.7492 2.17142 2.56892 1.13165 1.81445
threshold=0.57460319995880138 0.97752526402473461 0.083369515836238875 0.062021316960453994 0.028335777111351493 0.015566361136734487 0.057111890986561782 0.22146533429622653 0.45065031945705419
decision_type=2 2 2 2 2 2 2 2 2
left_child=2 3 -1 4 5 6 -2 8 -4
right_child=1 -3 7 -5 -6 -7 -8 -9 -10
leaf_value=-0.045079537203995948 0.016467048362432662 0.037047954688535382 0.0059526349879725536 0.026536763001704256 -0.017092351948080561 0.025960347307541293 -0.019417900786009697 -0.032402479477758712 -0.025194983587043036
leaf_weight=13.548437573015688 9.1029704883694702 16.672313809394836 10.548913046717649 10.767997801303862 10.446227364242075 9.6668883636593801 10.688006982207297 6.2439006455242625 8.013423912227152
leaf_count=249 52 74 91 52 56 49 62 59 86
internal_value=-0.000299749 0.0137912 -0.0251426 0.00598279 0.000258906 0.00661811 -0.00266124 -0.0139157 -0.00728893
internal_weight=105.699 67.3444 38.3547 50.6721 39.9041 29.4579 19.791 24.8062 18.5623
internal_count=830 345 485 271 219 163 114 236 177
is_linear=0
shrinkage=0.05


Tree=30
num_leaves=10
num_cat=0
split_feature=1 1 7 8 6 6 6 3 3
split_gain=13.6866 5.17227 2.77692 1.70913 1.71406 1.58101 1.34073 0.636666 0.486234
threshold=0.78835389018058788 0.083369515836238875 0.23987706750631335 0.33105255663394934 0.15232906490564349 0.050868857651948936 0.13949601352214816 0.015566361136734487 0.023893066681921486
decision_type=2 2 2 2 2 2 2 2 2
left_child=1 -1 5 4 7 -2 -5 -3 -7
right_child=2 3 -4 6 -6 8 -8 -9 -10
leaf_value=-0.044615816443163425 0.025819878432700012 -0.015363438058039792 0.036973078022258861 -0.008800013327088475 -0.034722378411216927 -0.0049541756761718181 0.018017967439246989 0.0042169593923619235 0.0098552490415007785
leaf_weight=13.019274845719336 11.396973475813864 9.399075981229549 15.218156635761259 10.435152769088747 8.8916062824428064 10.325985640287401 8.1350823640823346 6.7535568699240676 11.210905417799948
leaf_count=249 52 91 67 77 81 50 61 51 51
internal_value=-0.000294368 -0.01699 0.019233 -0.00854585 -0.0170714 0.0107971 0.00271394 -0.00689349 0.00253362
internal_weight=104.786 56.6337 48.152 43.6145 25.0442 32.9339 18.5702 16.1526 21.5369
internal_count=830 610 220 361 223 153 138 142 101
is_linear=0
shrinkage=0.05


Tree=31
num_leaves=10
num_cat=0
split_feature=1 1 3 7 10 10 1 3 3
split_gain=12.7936 5.51029 2.45446 2.3207 1.9094 1.74608 0.982515 0.639147 0.487121
threshold=0.36316065490245825 0.88472145795822155 0.010863495059311392 0.036852322518825538 0.40721274912357336 0.19109196960926059 0.59353742003440868 0.027786645106971267 0.034225637093186385
decision_type=2 2 2 2 2 2 2 2 2
left_child=4 3 -3 6 -1 -5 -2 -7 -6
right_child=1 2 -4 5 8 7 -8 -9 -10
leaf_value=-0.0053919564249171291 -0.0019967892704228361 0.04394370851838484 0.014254157643148455 -0.0081852638095523695 -0.045524062543647215 0.0063183760634673404 -0.024515110510320286 0.025809588214545948 -0.018906044701930576
leaf_weight=5.1148721985518959 9.6148382723331469 11.398656755685808 20.032417312264442 10.700559467077257 14.502684604376556 8.9472673833370227 10.913376271724699 9.7572925910353643 2.9729414544999591
leaf_count=63 75 52 88 55 278 53 75 52 39
internal_value=-0.000287792 0.00891239 0.025285 -0.00132354 -0.0335378 0.00756382 -0.0142714 0.0168351 -0.0414136
internal_weight=103.955 81.3644 31.4311 49.9333 22.5905 29.4051 20.5282 18.7046 17.4756
internal_count=830 450 140 310 380 160 150 105 317
is_linear=0
shrinkage=0.05


Tree=32
num_leaves=10
num_cat=0
split_feature=1 1 6 9 6 5 1 5 1
split_gain=11.8605 5.17455 3.0288 1.53241 2.80525 2.63305 3.10659 1.67558 0.199978
threshold=0.36316065490245825 0.9653061330318452 0.20741260796785357 0.6642865538597108 0.18016393482685092 0.00096144413691945385 0.78835389018058788 0.0080636474303901213 0.10783859342336656
decision_type=2 2 2 2 2 2 2 2 2
left_child=2 3 8 4 7 -5 -7 -2 -1
right_child=1 -3 -4 5 -6 6 -8 -9 -10
leaf_value=-0.047367107662289798 0.017364844980237749 0.033032641520714459 0.0046024300835547571 -0.014368669147081615 -0.033882381506045639 -0.00076464688892965765 0.031896961012194851 -0.011703474122384327 -0.031375341048579308
leaf_weight=11.051583990454679 9.6530060097575241 16.905525788664818 4.1223858855664721 9.2252199202775937 7.098839931190013 13.697475761175157 14.756086617708204 9.8614031225442869 6.7743612751364699
leaf_count=230 60 77 58 46 53 86 61 67 92
internal_value=-0.000286187 0.00848639 -0.0328583 0.00191305 -0.00715515 0.00845244 0.016051 0.00243578 -0.0417776
internal_weight=103.146 81.1976 21.9483 64.292 26.6132 37.6788 28.4536 19.5144 17.8259
internal_count=830 450 380 373 180 193 147 127 322
is_linear=0
shrinkage=0.05


Tree=33
num_leaves=11
num_cat=0
split_feature=4 4 10 5 6 7 6 7 10 6
split_gain=8.5437 4.4733 1.80554 3.34157 4.30886 3.30652 1.16745 0.992955 0.980032 0.731078
threshold=0.19179331511259082 0.24946473538875583 0.33239749073982244 0.00096144413691945385 0.21917775273323062 0.0029923977563157682 0.049416633322834976 0.017010836862027649 0.61230087280273449 0.055067040026187904
decision_type=2 2 2 2 2 2 2 2 2 2
left_child=8 -2 3 -3 9 -4 -7 -8 -1 -5
right_child=1 2 5 4 -6 6 7 -9 -10 -11
leaf_value=-0.015152226267242523 0.03961410560385864 -0.013323822237714522 0.024880671477319021 0.012797318999842511 0.042374100385355024 -0.0025909588821606119 -0.041778295863979006 -0.01046682270666315 -0.036891042561868446 -0.0058907041041331726
leaf_weight=11.245294250547886 9.4835089296102506 11.580392234027384 5.9484337940812138 10.703083448112016 11.348397843539713 8.6861384287476557 5.9927974194288236 5.3838735036551952 12.182269521057606 9.6627004295587522
leaf_count=86 55 61 34 57 62 73 59 53 236 54
internal_value=-0.000286966 0.00755046 0.00304021 0.00933825 0.0177863 -0.00724672 -0.0170963 -0.0276165 -0.0267776 0.00370088
internal_weight=102.217 78.7893 69.3058 43.2946 31.7142 26.0112 20.0628 11.3767 23.4276 20.3658
internal_count=830 508 453 234 173 219 185 112 322 111
is_linear=0
shrinkage=0.05


end of trees

feature_importances:
cooccurrence_score=110
region_fit=43
popularity_prior=38
known_hobby_compatibility=28
age_group_fit=28
novelty_bonus=20
occupation_fit=15
popularity_penalty=7
mismatch_penalty=4

parameters:
[boosting: gbdt]
[objective: binary]
[metric: auc]
[tree_learner: serial]
[device_type: cpu]
[data_sample_strategy: bagging]
[data: ]
[valid: ]
[num_iterations: 500]
[learning_rate: 0.05]
[num_leaves: 31]
[num_threads: -1]
[seed: 42]
[deterministic: 0]
[force_col_wise: 0]
[force_row_wise: 0]
[histogram_pool_size: -1]
[max_depth: -1]
[min_data_in_leaf: 50]
[min_sum_hessian_in_leaf: 0.001]
[bagging_fraction: 1]
[pos_bagging_fraction: 1]
[neg_bagging_fraction: 1]
[bagging_freq: 0]
[bagging_seed: 400]
[bagging_by_query: 0]
[feature_fraction: 0.8]
[feature_fraction_bynode: 1]
[feature_fraction_seed: 30056]
[extra_trees: 0]
[extra_seed: 12879]
[early_stopping_round: 0]
[early_stopping_min_delta: 0]
[first_metric_only: 0]
[max_delta_step: 0]
[lambda_l1: 0.1]
[lambda_l2: 0.1]
[linear_lambda: 0]
[min_gain_to_split: 0]
[drop_rate: 0.1]
[max_drop: 50]
[skip_drop: 0.5]
[xgboost_dart_mode: 0]
[uniform_drop: 0]
[drop_seed: 17869]
[top_rate: 0.2]
[other_rate: 0.1]
[min_data_per_group: 100]
[max_cat_threshold: 32]
[cat_l2: 10]
[cat_smooth: 10]
[max_cat_to_onehot: 4]
[top_k: 20]
[monotone_constraints: ]
[monotone_constraints_method: basic]
[monotone_penalty: 0]
[feature_contri: ]
[forcedsplits_filename: ]
[refit_decay_rate: 0.9]
[cegb_tradeoff: 1]
[cegb_penalty_split: 0]
[cegb_penalty_feature_lazy: ]
[cegb_penalty_feature_coupled: ]
[path_smooth: 0]
[interaction_constraints: ]
[verbosity: -1]
[saved_feature_importance_type: 0]
[use_quantized_grad: 0]
[num_grad_quant_bins: 4]
[quant_train_renew_leaf: 0]
[stochastic_rounding: 1]
[linear_tree: 0]
[max_bin: 255]
[max_bin_by_feature: ]
[min_data_in_bin: 3]
[bin_construct_sample_cnt: 200000]
[data_random_seed: 175]
[is_enable_sparse: 1]
[enable_bundle: 1]
[use_missing: 1]
[zero_as_missing: 0]
[feature_pre_filter: 1]
[pre_partition: 0]
[two_round: 0]
[header: 0]
[label_column: ]
[weight_column: ]
[group_column: ]
[ignore_column: ]
[categorical_feature: 12]
[forcedbins_filename: ]
[precise_float_parser: 0]
[parser_config_file: ]
[objective_seed: 16083]
[num_class: 1]
[is_unbalance: 0]
[scale_pos_weight: 1]
[sigmoid: 1]
[boost_from_average: 1]
[reg_sqrt: 0]
[alpha: 0.9]
[fair_c: 1]
[poisson_max_delta_step: 0.7]
[tweedie_variance_power: 1.5]
[lambdarank_truncation_level: 30]
[lambdarank_norm: 1]
[label_gain: ]
[lambdarank_position_bias_regularization: 0]
[eval_at: ]
[multi_error_top_k: 1]
[auc_mu_weights: ]
[num_machines: 1]
[local_listen_port: 12400]
[time_out: 120]
[machine_list_filename: ]
[machines: ]
[gpu_platform_id: -1]
[gpu_device_id: -1]
[gpu_use_dp: 0]
[num_gpu: 1]

end of parameters

pandas_categorical:null
